Pedestrian 0.396005 20 880 93 1085
Pedestrian 0.435622 64 879 131 1090
Pedestrian 0.515284 173 877 234 1090
Pedestrian 0.359716 204 873 267 1093
Pedestrian 0.932079 597 859 671 1078
Pedestrian 0.503450 360 932 453 1077
Pedestrian 0.300677 894 577 908 618
Pedestrian 0.437654 817 589 835 642
Pedestrian 0.747600 932 588 947 637
Pedestrian 0.855206 966 590 982 643
Pedestrian 0.240446 992 584 1006 648
Pedestrian 0.461067 799 596 815 661
Pedestrian 0.254505 939 603 956 651
Van 0.217326 1134 605 1204 668
Pedestrian 0.229183 633 616 654 685
Pedestrian 0.609121 673 616 693 682
Pedestrian 0.706639 702 612 723 685
Pedestrian 0.453039 832 643 853 715
Pedestrian 0.820641 854 643 873 709
Pedestrian 0.476057 1117 639 1139 706
Pedestrian 0.661710 529 651 556 744
Pedestrian 0.536392 553 650 584 738
Pedestrian 0.509678 593 643 620 739
Pedestrian 0.411617 1075 650 1101 745
Pedestrian 0.913974 1305 660 1329 725
Pedestrian 0.805437 1327 662 1352 726
Pedestrian 0.766964 623 667 652 765
Pedestrian 0.888630 659 674 687 764
Pedestrian 0.876152 1366 685 1401 760
Pedestrian 0.338414 405 689 434 791
Pedestrian 0.630852 1064 694 1099 776
Pedestrian 0.216779 510 704 538 809
Pedestrian 0.873763 554 698 590 807
Pedestrian 0.562248 774 696 807 813
Pedestrian 0.832523 1006 704 1046 801
Pedestrian 0.766884 1147 719 1187 799
Pedestrian 0.817120 1406 723 1445 820
Pedestrian 0.787669 1428 727 1465 820
Pedestrian 0.551201 30 737 75 859
Pedestrian 0.368673 770 756 807 884
Pedestrian 0.256440 330 771 367 918
Pedestrian 0.583878 409 758 443 917
Pedestrian 0.755571 443 760 479 917
Pedestrian 0.467704 1558 766 1595 910
Pedestrian 0.458823 1599 779 1633 898
Pedestrian 0.748885 1615 779 1655 901
Pedestrian 0.550956 294 779 335 947
Pedestrian 0.876824 738 798 787 927
Pedestrian 0.852513 1445 830 1488 970
Pedestrian 0.787933 1471 827 1519 974
Pedestrian 0.226732 224 833 264 1004
Pedestrian 0.208208 364 852 414 998
Pedestrian 0.552464 1557 857 1601 1000
Pedestrian 0.767761 1615 859 1670 992
Pedestrian 0.203384 445 853 492 1030
Pedestrian 0.250279 7 926 41 1082
