Car 0.987943 158 563 267 643
Car 0.988051 355 627 440 730
Car 0.791444 1157 685 1277 763
Car 0.207847 683 170 690 176
Car 0.255940 660 175 669 182
Car 0.364345 646 192 654 200
Car 0.678900 658 195 669 203
Car 0.494312 577 206 590 217
Car 0.778573 687 210 701 219
Car 0.367879 710 211 726 221
Car 0.787749 564 219 580 231
Car 0.877688 632 221 646 232
Car 0.763249 655 223 670 234
Car 0.856508 625 235 642 247
Car 0.621290 654 237 671 250
Pedestrian 0.543239 733 236 739 246
Car 0.457493 782 235 796 247
Van 0.653437 620 249 640 268
Van 0.533807 650 252 669 267
Pedestrian 0.341178 360 266 367 280
Pedestrian 0.214896 367 265 373 281
Pedestrian 0.731664 608 271 616 282
Pedestrian 0.622652 809 264 815 279
Car 0.410684 358 276 384 293
Car 0.927105 441 276 473 298
Motor 0.557104 606 275 616 286
Car 0.461695 634 284 660 298
Car 0.753673 689 273 715 291
Van 0.799510 390 286 439 314
Car 0.889651 497 292 524 313
Car 0.952891 638 292 688 310
Pedestrian 0.279259 731 297 739 314
Pedestrian 0.287132 769 297 780 312
Car 0.398844 804 289 837 311
Pedestrian 0.730271 489 311 497 329
Motor 0.214139 766 303 777 316
Pedestrian 0.397964 845 307 855 322
Car 0.949645 447 321 478 349
Car 0.847545 685 319 712 339
Car 0.873393 725 315 755 342
Car 0.928260 686 335 715 359
Car 0.901254 425 341 461 371
Pedestrian 0.236175 398 363 408 386
Car 0.932933 404 363 438 398
Car 0.906235 685 358 718 384
Car 0.909241 885 354 920 382
Car 0.972897 605 368 638 400
Car 0.955779 690 378 726 410
Car 0.946640 364 386 418 427
Tricycle 0.569239 928 395 958 422
Car 0.803602 248 397 302 448
Car 0.966324 690 404 730 441
Pedestrian 0.801828 422 419 435 444
Car 0.939803 745 413 781 447
Motor 0.250400 -1 432 7 458
Motor 0.265433 41 430 56 456
Car 0.984132 805 460 854 505
Car 0.974003 962 449 1018 493
Car 0.595314 1106 461 1165 516
Car 0.986560 740 490 821 542
Car 0.987334 586 524 641 595
Pedestrian 0.867833 855 549 874 584
Pedestrian 0.782630 166 559 184 603
Pedestrian 0.372573 177 556 194 595
Bike 0.874788 856 562 873 595
Pedestrian 0.564346 161 573 180 615
Car 0.963301 414 555 481 638
Pedestrian 0.617865 1176 596 1195 640
