Pedestrian 0.836691 265 937 374 1079
Pedestrian 0.705290 662 940 744 1081
Car 0.302828 1002 518 1038 544
Car 0.531682 1033 515 1066 541
Pedestrian 0.254103 1047 536 1062 567
Pedestrian 0.321931 1115 551 1131 596
Pedestrian 0.234773 1770 542 1790 596
Pedestrian 0.276464 783 571 802 615
Pedestrian 0.276869 819 571 836 614
Pedestrian 0.337933 861 572 879 615
Pedestrian 0.592996 899 572 914 615
Pedestrian 0.596014 936 569 952 617
Pedestrian 0.358924 963 570 980 612
Pedestrian 0.696870 1043 564 1059 618
Pedestrian 0.474035 1081 564 1098 613
Pedestrian 0.730774 1116 562 1135 618
Pedestrian 0.500105 1151 566 1172 620
Pedestrian 0.227225 1 587 20 639
Pedestrian 0.410208 739 586 760 636
Pedestrian 0.775462 973 585 993 644
Pedestrian 0.770299 999 583 1019 639
Pedestrian 0.305231 1163 578 1184 642
Pedestrian 0.421221 1181 582 1203 644
Pedestrian 0.706290 1040 592 1062 660
Pedestrian 0.486198 1643 605 1669 672
Pedestrian 0.202313 1805 599 1825 669
Pedestrian 0.508918 637 603 665 700
Pedestrian 0.483361 736 619 758 686
Pedestrian 0.698370 1183 612 1214 692
Pedestrian 0.696918 1219 607 1249 688
Pedestrian 0.505680 1452 608 1474 683
Pedestrian 0.759549 1480 611 1503 683
Pedestrian 0.535553 87 644 120 703
Pedestrian 0.388098 99 650 138 708
Pedestrian 0.547107 179 647 215 702
Motor 0.420144 495 642 581 690
Pedestrian 0.482198 705 641 727 705
Pedestrian 0.600397 770 650 796 713
Pedestrian 0.537672 823 643 848 706
Pedestrian 0.431886 854 645 880 704
Pedestrian 0.739559 886 628 917 713
Pedestrian 0.304197 1800 628 1829 718
Pedestrian 0.337858 674 646 703 743
Pedestrian 0.273963 832 663 885 731
Pedestrian 0.906932 998 650 1045 744
Bike 0.207736 824 680 895 742
Pedestrian 0.947142 1219 667 1260 772
Motor 0.298731 1765 681 1817 753
Pedestrian 0.839892 670 679 708 798
Pedestrian 0.861731 704 677 743 799
Pedestrian 0.931639 1172 681 1208 788
Pedestrian 0.735770 442 692 486 811
Pedestrian 0.917944 464 696 519 817
Pedestrian 0.922653 933 699 972 808
Pedestrian 0.879629 985 701 1030 809
Pedestrian 0.787909 807 766 849 912
Pedestrian 0.713216 855 766 892 915
Pedestrian 0.638559 889 771 931 916
Pedestrian 0.918280 1272 765 1334 911
Pedestrian 0.601959 747 801 788 927
Pedestrian 0.357991 767 793 809 931
