Car 0.959855 0 68 83 126
Pedestrian 0.236792 451 372 514 442
Pedestrian 0.216582 700 394 748 463
Motor 0.346889 685 412 740 476
Pedestrian 0.777048 258 421 293 513
Motor 0.662396 347 475 423 533
Motor 0.329716 546 85 587 111
Pedestrian 0.798142 523 105 541 150
Pedestrian 0.708823 589 110 609 155
Pedestrian 0.546197 456 118 475 163
Pedestrian 0.362381 540 118 562 164
Pedestrian 0.616335 477 133 498 171
Pedestrian 0.594495 440 138 457 179
Pedestrian 0.627957 555 138 575 181
Pedestrian 0.552909 610 133 631 181
Motor 0.391563 711 144 742 180
Pedestrian 0.590672 237 148 256 193
Pedestrian 0.705425 386 142 410 194
Pedestrian 0.783636 494 149 517 197
Pedestrian 0.695735 644 149 667 193
Pedestrian 0.689358 594 162 615 206
Motor 0.244736 84 172 123 211
Pedestrian 0.426799 469 166 486 217
Pedestrian 0.921110 521 165 545 213
Pedestrian 0.560615 555 166 575 211
Motor 0.252044 745 175 783 210
Pedestrian 0.666746 418 178 436 229
Pedestrian 0.647677 437 176 455 221
Pedestrian 0.361994 593 179 615 225
Pedestrian 0.789101 693 173 715 227
Pedestrian 0.767048 380 183 398 234
Pedestrian 0.386243 639 192 658 232
Pedestrian 0.445833 677 193 702 233
Pedestrian 0.783973 326 206 348 244
Pedestrian 0.681268 501 206 519 246
Pedestrian 0.735086 625 202 649 247
Pedestrian 0.898800 664 199 693 244
Pedestrian 0.664507 448 214 469 255
Pedestrian 0.498069 563 209 585 258
Pedestrian 0.627777 590 207 614 252
Pedestrian 0.927154 737 209 758 261
Pedestrian 0.899166 288 221 305 268
Pedestrian 0.674641 475 218 497 265
Pedestrian 0.282878 494 220 516 269
Pedestrian 0.690706 522 224 549 281
Pedestrian 0.633294 781 223 808 284
Pedestrian 0.816186 849 232 879 282
Pedestrian 0.961183 400 233 429 291
Pedestrian 0.211152 480 239 505 288
Pedestrian 0.686075 570 237 595 291
Pedestrian 0.293035 607 255 629 294
Pedestrian 0.594480 621 253 641 296
Pedestrian 0.711824 659 263 682 313
Pedestrian 0.850438 676 256 699 312
Pedestrian 0.225871 638 271 661 313
Pedestrian 0.473674 935 266 957 325
Pedestrian 0.761736 266 269 295 334
Pedestrian 0.320754 571 292 592 337
Pedestrian 0.676584 587 291 610 338
Pedestrian 0.905809 751 293 781 343
Pedestrian 0.883350 190 295 226 358
Pedestrian 0.640899 230 292 266 359
Pedestrian 0.515825 776 301 803 348
Pedestrian 0.887623 304 301 338 366
Pedestrian 0.272797 591 317 615 358
Pedestrian 0.638890 674 322 700 379
Pedestrian 0.360668 593 333 618 381
Pedestrian 0.313163 240 335 269 394
Pedestrian 0.946331 406 335 433 399
Pedestrian 0.891702 732 343 763 393
Pedestrian 0.683097 265 342 295 413
Pedestrian 0.217590 590 352 617 401
Pedestrian 0.212651 454 384 490 435
Pedestrian 0.633042 718 390 750 451
Pedestrian 0.522350 8 481 45 541
