Car 0.354493 451 169 455 173
Car 0.214677 464 170 468 174
Car 0.469415 432 179 438 184
Car 0.569775 446 179 451 184
Car 0.625257 466 179 471 183
Car 0.301611 486 180 493 185
Car 0.308174 369 187 378 193
Car 0.606683 430 188 436 194
Car 0.705952 450 187 455 192
Car 0.858766 468 188 473 194
Car 0.349929 481 188 487 193
Car 0.663060 414 199 423 206
Car 0.516575 427 196 434 203
Car 0.472915 473 199 477 204
Car 0.294015 478 199 484 205
Car 0.389934 518 195 529 202
Car 0.867674 411 208 419 215
Car 0.738353 430 213 437 220
Car 0.885994 452 209 460 216
Car 0.474594 479 208 485 215
Car 0.617497 397 219 408 228
Car 0.692507 407 216 415 224
Bus 0.537286 481 216 491 232
Van 0.562762 391 230 402 240
Car 0.672843 462 230 471 241
Car 0.340623 395 236 404 246
Pedestrian 0.686523 407 237 410 245
Car 0.572681 447 241 456 253
Pedestrian 0.327486 538 239 542 248
Van 0.653702 385 246 397 260
Motor 0.252831 558 252 564 260
Car 0.496804 370 259 383 272
Car 0.398155 370 269 382 282
Car 0.916025 444 269 457 282
Car 0.487342 470 266 480 281
Car 0.479293 542 264 557 280
Car 0.287572 556 265 566 278
Car 0.544561 374 278 386 292
Pedestrian 0.607435 434 279 438 289
Pedestrian 0.744539 462 284 467 293
Car 0.240526 357 286 371 303
Car 0.254816 368 285 379 300
Motor 0.659797 463 287 468 296
Car 0.490903 493 292 506 308
Car 0.791770 442 304 456 320
Tricycle 0.520690 498 309 508 326
Pedestrian 0.338081 280 324 288 336
Tricycle 0.386907 210 325 241 343
Car 0.705267 306 378 328 405
Car 0.662758 198 390 253 413
Pedestrian 0.409662 120 413 129 429
Pedestrian 0.544536 126 413 134 431
Car 0.838571 181 409 234 432
Car 0.817212 518 419 544 449
Pedestrian 0.296403 677 444 685 464
Tricycle 0.588777 55 458 101 481
Tricycle 0.373120 38 473 90 495
Tricycle 0.219384 149 471 192 496
Pedestrian 0.680191 189 472 199 491
Tricycle 0.438951 30 484 76 505
Motor 0.310811 159 484 187 501
Car 0.659022 253 478 284 520
Pedestrian 0.677100 268 504 277 524
Pedestrian 0.614120 721 501 730 525
Pedestrian 0.224825 743 504 755 524
Tricycle 0.445995 723 500 761 533
Tricycle 0.586153 0 511 45 538
Car 0.753351 331 506 362 539
