Truck 0.929661 626 443 729 506
Pedestrian 0.314568 489 240 493 249
Car 0.498119 497 246 514 260
Pedestrian 0.592560 486 262 491 271
Tricycle 0.204863 459 268 474 283
Motor 0.439509 486 266 492 275
Motor 0.793930 502 270 508 280
Pedestrian 0.854086 479 284 485 294
Car 0.914687 428 287 446 305
Motor 0.821909 478 287 483 297
Van 0.284212 417 307 436 331
Pedestrian 0.741258 483 312 492 326
Pedestrian 0.807378 523 313 530 325
Pedestrian 0.948964 450 319 457 333
Pedestrian 0.898422 466 322 473 335
Motor 0.870311 522 318 531 331
Pedestrian 0.207591 566 324 573 337
Motor 0.882776 466 328 473 341
Pedestrian 0.703688 564 328 572 342
Pedestrian 0.356210 575 332 583 346
Motor 0.294240 573 339 587 353
Pedestrian 0.293614 413 367 422 389
Pedestrian 0.733535 488 385 498 398
Motor 0.610289 517 378 526 397
Awning-tricycle 0.291513 550 373 569 398
Tricycle 0.549484 573 374 617 397
Tricycle 0.899281 485 386 502 407
Pedestrian 0.718531 343 397 353 420
Motor 0.684071 366 405 389 421
Pedestrian 0.800881 532 401 543 420
Tricycle 0.667499 528 400 548 433
Motor 0.432225 683 412 704 431
Motor 0.311983 681 419 695 439
Motor 0.243174 695 417 712 434
Motor 0.249554 357 425 372 451
Pedestrian 0.720701 416 450 429 473
Motor 0.645164 416 459 430 484
Pedestrian 0.458006 318 472 334 495
Tricycle 0.780823 573 461 628 497
Motor 0.288437 308 477 345 503
Motor 0.415381 253 525 280 539
Motor 0.385398 569 529 599 538
Pedestrian 0.678016 588 525 606 538
Pedestrian 0.393660 607 526 624 539
