Car 0.650197 286 473 338 538
Car 0.232854 357 148 361 152
Car 0.261725 373 150 377 154
Car 0.211997 342 158 347 163
Car 0.363281 358 158 362 163
Car 0.547252 372 157 377 162
Car 0.316873 391 159 397 164
Car 0.409906 338 168 345 174
Car 0.569979 378 165 384 170
Car 0.605480 392 165 398 171
Car 0.624157 355 178 363 185
Car 0.652973 380 179 386 185
Car 0.294390 387 180 394 187
Car 0.564111 339 188 350 197
Car 0.690257 397 183 406 190
Car 0.718476 422 190 431 198
Truck 0.202873 288 198 310 209
Car 0.669332 427 196 437 203
Car 0.335824 289 206 310 214
Car 0.726890 328 215 340 227
Car 0.725052 450 218 465 230
Car 0.536165 273 223 300 236
Pedestrian 0.302525 363 233 367 241
Pedestrian 0.904398 419 231 424 240
Awning-tricycle 0.521423 432 228 448 244
Awning-tricycle 0.513966 219 237 245 250
Tricycle 0.226539 273 238 289 251
Car 0.532945 332 234 346 246
Motor 0.428298 418 236 423 244
Pedestrian 0.473492 481 235 488 244
Awning-tricycle 0.317868 205 248 226 260
Tricycle 0.213522 220 248 232 259
Pedestrian 0.483344 261 250 270 262
Car 0.615238 319 246 339 260
Awning-tricycle 0.337399 203 259 231 273
Pedestrian 0.474886 258 254 265 268
Van 0.422607 335 257 352 276
Pedestrian 0.633386 371 261 380 273
Awning-tricycle 0.380263 200 266 233 281
Tricycle 0.791571 369 264 381 277
Awning-tricycle 0.506414 460 265 477 283
Van 0.643926 498 265 519 283
Van 0.205852 167 278 194 295
Car 0.758957 196 276 225 292
Tricycle 0.258355 165 288 191 301
Tricycle 0.356434 184 291 205 303
Motor 0.240305 197 289 214 301
Car 0.688163 427 298 455 320
Car 0.744628 146 308 188 329
Car 0.470236 462 305 491 329
Motor 0.563924 165 326 175 341
Car 0.626391 310 324 342 356
Car 0.901006 618 324 659 356
Motor 0.661236 147 342 166 357
Motor 0.277324 733 350 754 367
Pedestrian 0.963494 577 370 589 387
Motor 0.501306 716 368 727 391
Motor 0.315672 578 377 595 393
Motor 0.955412 553 390 566 408
Pedestrian 0.779744 347 420 357 446
Car 0.911950 727 511 809 540
