Pedestrian 0.526374 348 893 424 1068
Pedestrian 0.201911 297 942 388 1074
Pedestrian 0.503587 594 574 621 619
Pedestrian 0.310384 563 585 589 639
Pedestrian 0.738685 679 579 700 632
Pedestrian 0.382071 698 580 719 633
Pedestrian 0.542054 752 585 774 632
Pedestrian 0.735704 829 587 846 640
Pedestrian 0.932639 849 586 868 637
Motor 0.304872 922 594 954 631
Pedestrian 0.334827 964 590 986 630
Pedestrian 0.243470 1010 596 1033 633
Pedestrian 0.268135 489 606 514 664
Pedestrian 0.524485 509 602 536 658
Pedestrian 0.867114 594 611 621 663
Pedestrian 0.227083 720 606 737 671
Pedestrian 0.319916 739 609 759 660
Pedestrian 0.330706 816 607 835 659
Motor 0.202061 921 611 947 650
Motor 0.542884 1009 614 1036 651
Motor 0.393541 1030 617 1065 652
Pedestrian 0.625700 4 621 26 690
Pedestrian 0.624699 35 618 64 683
Pedestrian 0.482225 459 616 490 676
Pedestrian 0.976500 744 619 766 678
Pedestrian 0.805361 797 620 819 678
Pedestrian 0.658538 808 623 830 677
Motor 0.223932 1101 630 1136 681
Pedestrian 0.668911 409 644 437 713
Pedestrian 0.426669 557 630 592 704
Pedestrian 0.559885 1012 648 1037 706
Pedestrian 0.337269 1172 643 1197 708
Pedestrian 0.870323 513 656 544 738
Pedestrian 0.789220 978 658 1007 741
Pedestrian 0.273291 1002 657 1025 725
Pedestrian 0.535113 496 682 521 743
Pedestrian 0.400461 738 679 774 758
Pedestrian 0.841948 768 673 801 762
Pedestrian 0.894057 801 679 837 762
Pedestrian 0.481241 901 671 936 754
Pedestrian 0.572204 1204 699 1247 782
Pedestrian 0.947689 341 705 386 819
Pedestrian 0.911995 417 711 449 807
Pedestrian 0.951269 450 710 486 807
Pedestrian 0.831362 268 736 315 845
Pedestrian 0.820112 1081 732 1117 860
Pedestrian 0.515081 1207 737 1240 858
Pedestrian 0.340093 19 756 65 887
Pedestrian 0.443337 6 772 45 903
Pedestrian 0.726784 62 784 106 896
Pedestrian 0.402967 1058 784 1097 890
Bike 0.268261 23 841 92 918
Pedestrian 0.589687 25 976 107 1075
Pedestrian 0.735215 279 959 341 1083
Pedestrian 0.282917 1281 987 1427 1078
