Truck 0.871803 -1 504 131 641
Car 0.912142 613 509 684 640
Car 0.960830 814 536 882 651
Car 0.438343 730 1 753 10
Pedestrian 0.715302 766 0 776 9
Pedestrian 0.916083 794 3 802 15
Pedestrian 0.591193 808 0 815 9
Car 0.738245 877 1 895 17
Van 0.557753 719 8 750 37
Pedestrian 0.575597 739 26 748 43
Car 0.873282 874 19 897 40
Car 0.825675 711 38 737 62
Pedestrian 0.825615 860 61 869 78
Pedestrian 0.530073 1037 48 1045 71
Pedestrian 0.228360 712 68 723 86
Pedestrian 0.877838 731 71 740 94
Car 0.960609 780 64 810 92
Motor 0.594032 860 68 870 83
Car 0.957987 889 72 921 98
Car 0.268861 677 80 709 110
Pedestrian 0.266020 1103 101 1113 117
Pedestrian 0.913577 708 116 719 140
Car 0.939344 732 112 766 144
Pedestrian 0.216254 1075 110 1085 128
Car 0.968318 774 120 805 155
Tricycle 0.276940 1094 127 1120 151
Car 0.931947 762 150 797 192
Pedestrian 0.977864 869 160 881 181
Bike 0.222761 1121 162 1143 180
Motor 0.785163 867 169 883 189
Motor 0.740543 1133 192 1158 212
Pedestrian 0.740716 1179 233 1193 256
Pedestrian 0.715668 659 233 672 272
Car 0.957737 745 231 785 284
Pedestrian 0.537718 472 345 497 381
Car 0.942490 634 329 687 409
Car 0.978321 713 338 768 417
Motor 0.624186 930 416 949 449
Pedestrian 0.345680 1063 466 1086 499
Motor 0.892121 1045 471 1092 512
Pedestrian 0.861241 1105 470 1130 525
Pedestrian 0.389855 423 594 454 653
