Pedestrian 0.214988 470 229 501 318
Pedestrian 0.889464 506 333 542 440
Pedestrian 0.975996 585 331 628 428
Pedestrian 0.382164 340 360 379 450
Pedestrian 0.973402 430 356 472 445
Pedestrian 0.959668 264 379 304 477
Pedestrian 0.713659 334 403 389 482
Pedestrian 0.577343 486 448 539 535
Car 0.433549 422 21 487 50
Pedestrian 0.469760 51 78 66 111
Pedestrian 0.567894 71 83 96 115
Pedestrian 0.833929 20 96 38 143
Pedestrian 0.891331 69 109 88 156
Pedestrian 0.902014 123 112 146 148
Pedestrian 0.956776 49 127 71 170
Pedestrian 0.740115 132 128 158 171
Pedestrian 0.970218 274 137 296 189
Pedestrian 0.580132 102 152 129 190
Pedestrian 0.740081 796 146 818 193
Bike 0.201473 807 150 839 193
Pedestrian 0.666128 118 159 148 197
Bike 0.621565 637 172 668 208
Pedestrian 0.969382 308 177 333 241
Pedestrian 0.402365 886 188 906 242
Pedestrian 0.856452 919 185 939 241
Pedestrian 0.508499 867 198 897 249
Pedestrian 0.796334 938 198 958 244
Pedestrian 0.742861 133 215 174 287
Pedestrian 0.964803 402 231 429 297
Pedestrian 0.748622 481 229 503 304
Pedestrian 0.581665 798 225 830 296
Pedestrian 0.780113 455 234 479 319
Pedestrian 0.227223 325 343 355 413
