Car 0.845148 121 373 260 441
Car 0.903890 1042 448 1192 513
Van 0.767937 690 532 839 692
Car 0.584385 685 90 694 98
Car 0.362111 711 91 722 100
Car 0.238363 665 108 673 118
Car 0.387124 677 102 687 111
Car 0.672722 669 116 682 130
Car 0.527625 708 117 720 128
Car 0.315365 731 122 744 134
Pedestrian 0.251044 697 138 703 149
Car 0.606664 721 132 736 147
Car 0.489924 524 149 554 164
Car 0.579491 665 143 684 163
Car 0.631941 702 143 719 159
Car 0.627456 755 141 775 157
Car 0.633999 518 160 550 178
Pedestrian 0.289015 346 180 354 197
Car 0.237413 495 171 522 192
Car 0.871903 655 169 676 192
Pedestrian 0.571824 697 175 705 192
Pedestrian 0.556901 352 184 360 203
Pedestrian 0.496651 372 192 380 210
Car 0.541858 465 185 502 208
Car 0.548457 647 189 670 211
Bus 0.380285 732 167 764 220
Car 0.252285 835 183 860 204
Car 0.337346 868 189 891 209
Pedestrian 0.202596 369 199 380 221
Pedestrian 0.554916 450 203 459 224
Car 0.767391 645 202 671 228
Car 0.477686 872 198 895 217
Pedestrian 0.500373 371 213 381 237
Car 0.578894 593 206 624 236
Car 0.543678 633 218 664 245
Car 0.437584 887 212 917 239
Car 0.512967 415 222 466 252
Van 0.626578 574 228 606 266
Car 0.578848 901 232 935 260
Car 0.786936 399 242 447 276
Car 0.736275 634 235 666 267
Car 0.418023 856 243 888 279
Car 0.402124 366 259 396 288
Car 0.602583 624 261 661 295
Motor 0.484518 1064 260 1092 283
Car 0.780043 375 270 427 307
Pedestrian 0.695374 800 275 812 297
Car 0.675583 932 274 984 308
Pedestrian 0.518179 315 288 328 318
Pedestrian 0.666598 1051 289 1068 315
Motor 0.302993 5 300 19 323
Motor 0.232617 157 307 180 332
Motor 0.364802 242 301 259 330
Pedestrian 0.386050 277 297 290 329
Pedestrian 0.373504 283 297 297 328
Car 0.911401 327 295 389 342
Car 0.883217 612 286 654 336
Car 0.560827 964 288 1032 331
Pedestrian 0.668028 1308 303 1322 334
Pedestrian 0.526590 1208 316 1224 346
Pedestrian 0.252930 109 332 126 361
Motor 0.560169 186 328 217 353
Car 0.886854 1015 320 1110 361
Motor 0.666494 1194 328 1219 354
Motor 0.591070 1233 334 1256 362
Motor 0.271344 137 345 159 373
Car 0.736645 209 343 293 386
Car 0.846421 592 331 638 383
Pedestrian 0.935203 949 343 964 376
Car 0.817514 1056 342 1154 384
Motor 0.259070 1347 342 1358 379
Pedestrian 0.794340 925 357 941 391
Motor 0.721842 1125 374 1152 402
Van 0.354508 1171 366 1238 418
Tricycle 0.218947 28 382 90 430
Pedestrian 0.882759 951 383 969 422
Tricycle 0.202691 1165 375 1228 427
Car 0.848666 1303 377 1358 430
Car 0.929320 474 382 539 450
Car 0.874838 575 382 624 446
Pedestrian 0.588672 1257 407 1283 438
Car 0.665970 -3 400 58 463
Car 0.779924 717 398 790 461
Pedestrian 0.558493 401 441 421 485
Motor 0.376374 400 455 421 496
Pedestrian 0.432096 4 485 28 529
Pedestrian 0.217545 796 758 842 764
