Truck 0.855584 92 263 207 337
Car 0.885496 -3 413 69 500
Van 0.259948 174 403 260 486
Car 0.907304 766 414 840 497
Car 0.934208 721 467 793 557
Car 0.948801 662 516 735 626
Car 0.882588 125 550 303 636
Car 0.985659 368 592 453 726
Car 0.956432 687 679 788 763
Pedestrian 0.435019 505 0 513 9
Car 0.651524 525 0 543 5
Car 0.813993 553 0 571 9
Pedestrian 0.465309 595 6 603 18
Pedestrian 0.347879 615 3 625 10
Car 0.359575 626 2 640 10
Car 0.833056 522 9 541 27
Car 0.892022 552 12 570 31
Tricycle 0.360849 592 7 605 22
Motor 0.353330 617 9 625 22
Car 0.202220 467 27 495 46
Car 0.842085 635 21 659 41
Pedestrian 0.340841 769 40 778 55
Pedestrian 0.894757 511 55 518 73
Pedestrian 0.887562 532 59 539 75
Pedestrian 0.220148 477 70 486 86
Pedestrian 0.569695 502 78 510 94
Pedestrian 0.916342 618 74 628 89
Motor 0.608921 504 83 513 100
Pedestrian 0.500866 813 83 826 100
Car 0.714751 548 100 575 128
Car 0.709941 546 122 576 155
Pedestrian 0.856485 712 172 731 193
Awning-tricycle 0.316999 944 166 1002 209
Car 0.407462 1194 171 1276 204
Pedestrian 0.723701 750 207 762 242
Pedestrian 0.552439 761 204 773 242
Tricycle 0.350207 1279 213 1316 233
Pedestrian 0.919456 510 259 525 293
Pedestrian 0.888014 1150 303 1166 334
Motor 0.422683 1013 320 1051 347
Pedestrian 0.556740 1093 324 1112 356
Bike 0.431259 1122 335 1147 362
Motor 0.575325 1178 336 1210 361
Motor 0.428485 1191 336 1231 359
Bike 0.373306 888 353 929 376
Motor 0.618799 1154 350 1182 376
Motor 0.310117 1171 344 1195 371
Motor 0.611708 1074 358 1112 383
Motor 0.436127 1124 378 1160 407
Bike 0.451218 1149 386 1173 417
Car 0.906522 643 389 701 458
Motor 0.353616 1064 405 1109 433
Motor 0.224015 1084 401 1123 432
Van 0.638238 179 408 230 479
Pedestrian 0.848935 876 437 893 489
Motor 0.299197 1093 444 1118 478
Motor 0.748408 487 693 512 757
Pedestrian 0.348306 528 759 557 765
