Car 0.794382 410 0 444 19
Car 0.741949 582 -1 616 18
Car 0.564432 902 0 958 10
Car 0.847109 776 5 825 41
Pedestrian 0.313208 1212 26 1227 52
Pedestrian 0.271662 3 34 18 67
Pedestrian 0.434490 21 29 38 69
Pedestrian 0.901124 198 35 214 70
Pedestrian 0.592223 827 38 842 74
Pedestrian 0.488694 1022 33 1035 65
Pedestrian 0.545538 1188 40 1206 64
Car 0.826736 53 47 134 96
Motor 0.569361 1052 51 1071 79
Motor 0.478266 1068 56 1097 83
Pedestrian 0.222912 1257 55 1276 80
Pedestrian 0.620736 215 57 232 94
Pedestrian 0.577217 1158 61 1174 90
Pedestrian 0.812876 1228 60 1243 95
Pedestrian 0.264648 0 75 11 108
Pedestrian 0.886014 30 78 49 109
Car 0.954954 118 63 190 126
Pedestrian 0.650650 1204 76 1219 108
Pedestrian 0.370677 1241 83 1258 111
Pedestrian 0.277135 1250 81 1266 108
Car 0.947679 455 78 506 134
Pedestrian 0.281348 1215 96 1234 131
Motor 0.609052 88 113 113 145
Pedestrian 0.632543 290 123 311 163
Pedestrian 0.591849 6 129 27 171
Motor 0.367472 291 127 317 181
Car 0.973275 347 114 406 182
Car 0.948563 457 124 511 189
Car 0.971046 1042 118 1173 181
Pedestrian 0.697480 1253 129 1272 170
Car 0.283384 1323 117 1358 189
Pedestrian 0.773694 991 151 1013 192
Pedestrian 0.691578 1230 151 1250 194
Pedestrian 0.614888 881 178 904 229
Pedestrian 0.692899 1315 176 1343 226
Pedestrian 0.370141 4 191 24 232
Pedestrian 0.336307 5 207 27 249
Pedestrian 0.730943 202 210 230 269
Pedestrian 0.730302 984 210 1011 261
Pedestrian 0.923637 135 231 167 289
Pedestrian 0.774624 337 268 364 331
Motor 0.200329 338 287 369 342
Pedestrian 0.749461 1308 366 1354 435
Pedestrian 0.860867 613 404 660 462
Motor 0.675341 595 424 682 471
