Car 0.965161 1088 11 1143 127
Car 0.981420 450 63 536 146
Car 0.964780 447 203 537 296
Car 0.786311 812 287 866 390
Car 0.976308 461 297 523 415
Car 0.978936 492 367 562 474
Car 0.927987 385 447 465 535
Car 0.962664 470 479 565 575
Car 0.970230 801 575 867 686
Car 0.919006 772 -2 819 15
Bike 0.435791 841 3 869 17
Bike 0.231114 892 1 917 14
Motor 0.210487 1137 0 1157 9
Pedestrian 0.343497 1145 0 1161 9
Motor 0.234907 890 11 910 36
Motor 0.351296 917 9 939 35
Motor 0.462010 864 20 884 54
Motor 0.420666 915 24 940 50
Motor 0.661379 943 21 971 50
Bike 0.401673 998 42 1021 66
Motor 0.770526 937 57 980 76
Car 0.985836 772 31 820 138
Bike 0.326662 956 66 988 88
Tricycle 0.335333 999 51 1030 108
Tricycle 0.442733 839 64 876 124
Car 0.969250 106 76 216 133
Bike 0.617461 969 96 997 125
Bike 0.774036 963 113 995 135
Pedestrian 0.938599 187 146 205 164
Motor 0.868238 950 159 990 179
Motor 0.806313 103 173 140 202
Motor 0.260033 941 180 982 196
Car 0.901006 284 147 333 258
Motor 0.814305 943 190 980 209
Motor 0.829017 997 180 1015 218
Van 0.570166 758 154 797 264
Motor 0.452216 938 200 979 215
Van 0.942491 809 177 850 275
Motor 0.673687 943 219 984 234
Pedestrian 0.687393 175 232 195 250
Pedestrian 0.594812 1128 228 1148 253
Tricycle 0.359072 88 223 133 299
Motor 0.562354 941 267 989 282
Pedestrian 0.920893 572 279 583 293
Motor 0.903366 942 290 980 305
Motor 0.941009 1113 303 1151 326
Car 0.940900 223 301 272 400
Car 0.923028 94 323 150 431
Car 0.993802 295 354 343 462
Motor 0.810424 1105 395 1148 411
Car 0.927534 892 381 1013 445
Motor 0.642998 1113 408 1156 422
Pedestrian 0.858918 1083 426 1098 444
Motor 0.435040 1118 423 1152 437
Motor 0.437896 93 439 141 456
Pedestrian 0.565921 1097 436 1116 452
Motor 0.480938 1125 452 1147 482
Car 0.865492 797 428 841 534
Car 0.816282 874 464 979 510
Car 0.924626 881 527 988 580
Motor 0.755806 1101 557 1141 573
Car 0.755118 375 579 490 630
Motor 0.754092 1105 595 1148 614
Car 0.981379 887 595 976 645
Motor 0.569594 1144 623 1164 659
Car 0.988915 397 659 503 709
Motor 0.252156 1125 686 1145 719
Pedestrian 0.560445 1129 695 1150 724
Car 0.583137 340 723 401 764
Car 0.792949 461 731 524 763
Car 0.882915 830 711 880 765
Car 0.586279 267 748 323 764
