Car 0.948880 85 408 200 511
Car 0.953229 123 489 220 619
Car 0.973424 0 518 127 631
Car 0.731050 -3 635 46 760
Car 0.904543 628 1 650 21
Car 0.874287 709 -1 729 16
Van 0.665381 470 7 497 35
Car 0.732123 955 9 987 29
Van 0.419445 835 22 858 56
Pedestrian 0.227919 866 28 876 49
Car 0.911595 451 39 481 65
Pedestrian 0.301136 828 42 836 62
Pedestrian 0.669771 759 52 768 72
Pedestrian 0.662929 570 74 582 90
Pedestrian 0.629910 933 72 943 94
Car 0.377817 289 82 345 115
Car 0.722102 731 83 760 113
Pedestrian 0.506776 793 87 802 110
Pedestrian 0.831383 899 85 909 107
Pedestrian 0.875938 916 84 925 107
Car 0.825127 602 91 635 128
Van 0.468829 681 97 712 134
Pedestrian 0.477690 789 97 799 121
Pedestrian 0.849216 761 117 771 138
Motor 0.454333 761 125 772 145
Pedestrian 0.946338 398 154 410 186
Car 0.940783 271 163 366 204
Pedestrian 0.832771 770 173 781 196
Pedestrian 0.463535 145 185 158 214
Pedestrian 0.792147 166 185 179 213
Car 0.618494 680 178 721 218
Motor 0.597050 769 183 782 204
Pedestrian 0.420326 139 195 153 224
Pedestrian 0.889045 1009 212 1024 245
Motor 0.253213 229 225 273 252
Car 0.931672 226 261 315 322
Pedestrian 0.690964 1045 295 1063 335
Bike 0.349055 54 310 84 344
Motor 0.831560 842 315 861 347
Pedestrian 0.527269 369 501 390 547
Bike 0.591568 367 519 390 576
Car 0.844094 704 715 823 763
