Car 0.789680 1132 280 1291 357
Awning-tricycle 0.236099 1019 317 1136 396
Car 0.897715 719 380 918 492
Car 0.966804 401 425 623 550
Car 0.857891 628 414 826 540
Car 0.514305 195 453 417 585
Car 0.930953 -6 471 168 615
Car 0.399693 1210 2 1228 16
Pedestrian 0.231348 1233 0 1241 9
Car 0.385240 1256 2 1280 16
Car 0.336695 1239 13 1263 31
Pedestrian 0.318299 873 26 882 48
Car 0.352112 1278 28 1303 47
Pedestrian 0.327913 957 40 965 64
Pedestrian 0.239644 1154 41 1165 59
Pedestrian 0.352548 980 53 989 76
Pedestrian 0.299656 1287 54 1296 72
Pedestrian 0.394202 956 69 965 94
Pedestrian 0.759468 976 66 985 94
Car 0.284712 1118 69 1155 97
Car 0.705192 1146 64 1185 94
Pedestrian 0.398798 1186 70 1196 92
Car 0.328312 1123 78 1165 108
Motor 0.265521 966 100 993 121
Car 0.467037 1124 93 1172 134
Pedestrian 0.564230 1175 101 1186 129
Motor 0.365399 988 110 1012 132
Pedestrian 0.415513 454 126 470 164
Pedestrian 0.284647 501 122 518 161
Pedestrian 0.393841 528 121 544 159
Pedestrian 0.450118 556 120 572 158
Pedestrian 0.498342 577 117 593 158
Motor 0.268189 964 128 990 153
Car 0.618733 1144 123 1193 163
Pedestrian 0.282645 269 130 287 177
Pedestrian 0.404498 472 128 489 167
Pedestrian 0.446746 1215 135 1230 168
Pedestrian 0.210971 73 148 92 185
Pedestrian 0.267502 533 147 552 185
Car 0.656672 1151 143 1209 192
Motor 0.263148 947 166 971 198
Pedestrian 0.526975 667 178 682 221
Pedestrian 0.578902 683 173 698 220
Pedestrian 0.489780 1103 181 1126 214
Pedestrian 0.497123 1146 178 1162 217
Van 0.657706 1181 165 1247 222
Motor 0.434934 716 191 738 227
Motor 0.262922 727 193 747 230
Pedestrian 0.229707 1026 194 1045 229
Pedestrian 0.325767 1145 212 1161 248
Pedestrian 0.625949 603 210 625 270
Pedestrian 0.468761 627 213 644 265
Pedestrian 0.205075 1136 226 1160 262
Motor 0.291645 976 237 1024 275
Pedestrian 0.497412 1130 235 1154 279
Car 0.574969 1195 223 1267 286
Motor 0.617111 797 263 837 313
Motor 0.216049 915 264 943 302
Motor 0.416212 970 265 1007 312
Motor 0.346504 1130 271 1185 308
Motor 0.546871 621 291 661 338
Motor 0.215953 639 291 678 337
Pedestrian 0.511591 734 288 755 349
Motor 0.337115 910 295 953 339
Motor 0.301767 525 305 562 349
Pedestrian 0.219828 712 300 736 355
Bike 0.292824 728 298 754 358
Motor 0.256688 857 302 886 362
Pedestrian 0.390166 207 313 237 377
Pedestrian 0.771608 777 313 804 376
Pedestrian 0.340753 137 328 169 393
Pedestrian 0.481317 181 329 210 394
Pedestrian 0.800261 253 328 277 400
Pedestrian 0.464420 833 344 856 402
Tricycle 0.542433 335 382 432 433
Pedestrian 0.717344 898 381 926 450
Pedestrian 0.581601 1244 391 1273 451
Motor 0.444321 1227 415 1275 477
