Truck 0.495982 1072 510 1189 604
Car 0.212094 455 145 466 154
Car 0.209459 449 167 463 176
Car 0.397665 476 191 489 202
Car 0.215453 542 193 564 208
Truck 0.846346 544 201 575 228
Car 0.428392 441 216 461 230
Truck 0.479270 649 237 684 269
Pedestrian 0.597664 607 266 613 279
Car 0.804324 687 263 711 283
Car 0.448172 651 276 678 299
Pedestrian 0.361659 716 276 726 292
Car 0.509878 729 280 756 299
Truck 0.221686 652 284 684 311
Pedestrian 0.870497 684 289 691 307
Car 0.380109 743 288 766 306
Car 0.661038 753 296 781 312
Car 0.789305 764 303 792 323
Car 0.465335 779 307 811 328
Truck 0.303131 796 309 832 335
Truck 0.234257 812 318 840 341
Car 0.319929 820 329 845 350
Truck 0.926081 828 341 886 379
Pedestrian 0.461828 916 352 925 372
Car 0.961014 1006 347 1055 370
Pedestrian 0.264300 907 362 916 378
Truck 0.400929 392 393 484 446
Van 0.275140 802 397 855 435
Pedestrian 0.236664 1025 408 1038 427
Truck 0.585574 893 421 945 474
Car 0.813082 1001 426 1049 457
Pedestrian 0.317175 950 449 961 471
Car 0.747831 542 486 586 533
Pedestrian 0.240102 1186 509 1207 533
Pedestrian 0.700979 1220 538 1234 570
Motor 0.690449 1302 568 1336 593
Car 0.985543 188 589 271 632
Car 0.509293 1328 597 1362 646
Car 0.998056 136 623 252 678
Car 0.995469 279 636 386 693
