Pedestrian 0.754453 1725 803 1804 1072
Pedestrian 0.907700 1591 880 1670 1090
Car 0.208624 1040 555 1055 586
Pedestrian 0.251667 935 570 953 618
Pedestrian 0.358120 968 569 983 613
Motor 0.298678 1080 587 1098 636
Pedestrian 0.901155 155 605 184 665
Pedestrian 0.889198 186 610 216 660
Bike 0.269644 287 613 343 652
Pedestrian 0.509653 383 606 410 671
Pedestrian 0.342778 820 605 840 658
Pedestrian 0.287618 851 606 869 662
Pedestrian 0.296640 854 620 876 687
Pedestrian 0.545743 975 608 1003 695
Pedestrian 0.645209 995 618 1016 684
Pedestrian 0.565114 527 629 559 707
Pedestrian 0.722858 776 632 804 713
Pedestrian 0.716765 818 632 843 716
Pedestrian 0.492619 828 650 854 737
Pedestrian 0.476017 845 648 879 741
Pedestrian 0.340018 892 653 920 740
Pedestrian 0.634129 1265 648 1293 748
Pedestrian 0.827896 922 667 952 762
Pedestrian 0.698136 1046 668 1075 771
Pedestrian 0.354442 1221 664 1250 757
Pedestrian 0.802270 1289 658 1321 757
Pedestrian 0.843033 1372 673 1402 769
Pedestrian 0.840998 958 682 990 782
Pedestrian 0.708907 1443 697 1478 786
Pedestrian 0.438080 1057 700 1097 814
Pedestrian 0.865313 1397 699 1433 802
Motor 0.247978 1486 721 1559 786
Pedestrian 0.453140 29 759 78 849
Pedestrian 0.763550 1066 743 1104 859
Pedestrian 0.810786 1106 762 1144 873
Pedestrian 0.318141 3 766 38 918
Pedestrian 0.598352 25 787 81 935
