Others 0.816013 334 25 539 115
Car 0.963613 1099 301 1172 398
Car 0.995243 966 311 1081 404
Car 0.286150 517 340 602 427
Car 0.991582 572 339 674 434
Car 0.996205 635 441 809 526
Car 0.991898 815 432 921 549
Car 0.973825 912 441 994 564
Car 0.991620 1006 444 1092 576
Car 0.978585 1089 452 1175 585
Car 0.979505 189 655 383 753
Pedestrian 0.850157 1332 21 1351 50
Car 0.987703 966 108 1086 159
Pedestrian 0.767597 19 157 48 207
Car 0.963332 992 154 1075 214
Motor 0.211630 1 520 36 580
Motor 0.508023 1 551 40 613
Motor 0.326964 1 636 28 698
