Car 0.237780 23 380 77 442
Car 0.573496 2 431 50 505
Car 0.826215 227 444 267 524
Truck 0.315662 699 489 795 540
Car 0.333068 228 14 237 23
Car 0.320638 289 11 297 19
Motor 0.218167 244 19 248 25
Motor 0.257353 308 30 312 36
Pedestrian 0.244170 319 34 325 43
Car 0.821509 221 40 233 51
Pedestrian 0.508216 244 46 248 53
Motor 0.802785 245 50 250 58
Pedestrian 0.285611 309 56 313 63
Pedestrian 0.733696 314 56 319 63
Car 0.734677 212 59 224 71
Pedestrian 0.863876 234 64 238 72
Motor 0.546358 317 61 322 69
Pedestrian 0.571696 331 66 335 74
Car 0.588927 212 70 223 85
Motor 0.791950 331 70 336 78
Car 0.776269 149 82 167 96
Car 0.625764 307 88 321 102
Car 0.264916 128 102 149 118
Car 0.227255 423 102 437 115
Van 0.453653 154 115 172 136
Pedestrian 0.553903 204 139 209 149
Motor 0.238303 454 131 463 142
Motor 0.305192 458 133 469 144
Motor 0.922145 208 143 214 155
Truck 0.677339 222 139 247 186
Car 0.686279 451 154 475 175
Pedestrian 0.744562 390 165 396 178
Pedestrian 0.720152 207 178 213 190
Motor 0.834563 206 182 213 196
Pedestrian 0.920074 353 185 360 198
Motor 0.573580 490 186 499 203
Van 0.354539 122 186 150 219
Motor 0.384891 501 191 515 206
Motor 0.227825 55 202 71 219
Pedestrian 0.925441 201 205 208 221
Motor 0.332377 202 212 210 226
Pedestrian 0.957912 266 215 273 231
Motor 0.547558 501 214 521 229
Car 0.561207 106 214 139 246
Car 0.923457 321 215 347 244
Pedestrian 0.921320 372 237 379 253
Car 0.473211 7 238 53 266
Car 0.624449 100 236 131 267
Motor 0.911257 372 243 380 260
Motor 0.220396 522 246 536 263
Motor 0.340198 533 255 552 273
Car 0.276026 6 259 52 289
Car 0.974771 417 257 450 290
Motor 0.428063 543 264 559 286
Car 0.446172 87 266 117 299
Car 0.944463 147 262 180 303
Motor 0.501765 544 274 567 291
Car 0.448314 5 279 51 312
Pedestrian 0.213577 600 282 610 313
Car 0.510757 77 286 113 321
Pedestrian 0.400275 568 295 580 319
Motor 0.423438 568 302 582 327
Van 0.826126 57 317 94 371
Car 0.881319 240 350 274 406
Awning-tricycle 0.460437 473 396 503 449
Pedestrian 0.863312 441 430 453 453
Pedestrian 0.648918 463 433 475 454
Motor 0.748086 440 437 454 464
Motor 0.718336 463 439 477 462
