Car 0.932455 92 158 235 228
Car 0.961633 72 224 281 309
Car 0.781963 1199 252 1353 342
Car 0.803401 591 324 752 466
Pedestrian 0.358807 424 0 449 21
Car 0.527428 430 0 464 21
Car 0.280605 498 0 528 11
Car 0.334885 515 0 562 13
Car 0.328397 533 1 575 19
Car 0.818270 49 4 97 39
Car 0.480413 163 4 198 34
Pedestrian 0.245730 493 6 507 34
Motor 0.488206 655 9 676 30
Motor 0.256583 682 12 702 34
Car 0.549713 168 20 217 59
Car 0.607041 600 18 659 55
Motor 0.239248 687 22 706 44
Motor 0.263061 710 24 731 46
Motor 0.217256 729 28 750 51
Motor 0.233444 1070 29 1098 52
Car 0.880732 88 31 139 73
Car 0.781363 288 34 335 73
Car 0.747043 621 32 700 68
Motor 0.312751 845 35 865 59
Motor 0.631670 867 37 892 60
Bike 0.518749 885 39 905 62
Motor 0.739563 938 41 966 62
Car 0.822971 655 41 733 82
Car 0.658018 946 50 1049 87
Car 0.897281 73 55 139 111
Car 0.882301 171 52 225 98
Pedestrian 0.225215 246 66 262 102
Car 0.616327 720 54 789 94
Car 0.819472 752 63 837 106
Pedestrian 0.278241 965 68 984 93
Car 0.535583 1267 50 1357 97
Car 0.876710 852 69 917 113
Car 0.950771 959 80 1057 122
Car 0.927174 1063 71 1167 112
Car 0.852655 284 92 345 144
Car 0.853112 1173 136 1289 190
Pedestrian 0.753966 949 232 977 287
Pedestrian 0.720721 832 243 858 298
Motor 0.557310 944 246 985 296
Motor 0.431049 822 262 860 312
Pedestrian 0.870248 490 313 527 375
Motor 0.719244 482 329 534 392
Pedestrian 0.592671 144 353 189 446
Pedestrian 0.800084 88 366 129 467
