Car 0.925663 394 646 483 758
Car 0.328460 1093 671 1250 755
Pedestrian 0.305510 563 265 568 275
Car 0.267619 573 267 590 280
Car 0.347966 579 282 592 294
Car 0.865576 603 283 620 296
Car 0.566027 577 293 594 307
Car 0.810330 669 295 708 309
Car 0.216359 698 296 739 310
Car 0.287212 747 296 784 311
Pedestrian 0.904985 585 307 593 319
Car 0.335191 700 307 741 324
Car 0.264851 722 305 766 322
Pedestrian 0.400602 527 323 541 338
Car 0.368798 666 324 690 348
Car 0.482682 675 323 701 343
Van 0.336316 703 321 740 341
Car 0.380212 717 322 764 342
Car 0.211183 701 331 737 352
Van 0.975065 588 340 615 373
Car 0.693240 693 346 724 370
Car 0.257373 748 350 800 374
Car 0.894673 703 361 736 387
Car 0.212319 758 361 822 384
Motor 0.461866 505 374 529 393
Car 0.851305 720 377 763 406
Car 0.611934 742 392 821 425
Van 0.265711 795 381 856 418
Car 0.601390 498 399 544 435
Pedestrian 0.244987 971 406 984 433
Tricycle 0.390237 762 420 788 447
Pedestrian 0.342218 916 420 931 444
Car 0.968964 491 421 537 466
Pedestrian 0.881678 773 430 788 465
Van 0.876566 805 422 896 463
Motor 0.454616 328 448 367 472
Car 0.917437 384 442 489 475
Car 0.951099 834 448 932 487
Car 0.984045 364 455 477 497
Pedestrian 0.526012 354 473 374 521
Pedestrian 0.970621 585 476 603 508
Motor 0.746728 584 486 603 519
Tricycle 0.200781 862 488 942 524
Motor 0.290342 908 494 936 525
Motor 0.636181 1012 496 1048 526
Motor 0.278818 939 525 1010 557
Motor 0.466289 1062 521 1090 553
Bike 0.251134 1087 524 1129 551
Pedestrian 0.276839 340 538 366 562
Motor 0.914212 1050 589 1112 626
