Truck 0.718083 587 166 732 249
Truck 0.583292 1068 210 1139 307
Truck 0.215078 1233 210 1325 299
Truck 0.254141 1275 237 1358 323
Truck 0.866971 868 273 1032 352
Truck 0.952922 935 342 1136 431
Truck 0.942909 781 460 899 635
Pedestrian 0.213929 42 70 55 99
Pedestrian 0.379418 13 80 25 111
Pedestrian 0.279089 26 74 39 109
Truck 0.210430 727 70 774 121
Truck 0.273989 760 109 780 138
Truck 0.496125 805 93 854 152
Truck 0.803481 949 112 1015 163
Truck 0.640457 1145 132 1221 176
Truck 0.599223 921 177 972 240
Pedestrian 0.607404 1132 193 1141 236
Truck 0.241433 1162 174 1208 253
Truck 0.926391 494 206 562 275
Pedestrian 0.220485 696 231 709 261
Truck 0.200013 1266 221 1326 288
Truck 0.486071 1301 254 1357 321
Pedestrian 0.406897 1186 310 1197 352
Pedestrian 0.591812 1201 308 1214 354
Pedestrian 0.330486 1244 329 1258 366
Pedestrian 0.603396 1263 324 1278 363
Pedestrian 0.441011 1219 354 1234 395
