Car 0.276789 683 81 688 86
Car 0.469387 665 93 671 100
Car 0.385214 691 89 696 94
Car 0.742906 645 108 653 117
Car 0.819884 664 106 671 113
Car 0.652365 708 106 716 115
Car 0.883059 664 116 673 125
Car 0.893383 665 129 676 141
Car 0.466476 708 128 717 140
Car 0.919119 658 143 672 160
Pedestrian 0.648891 737 152 743 164
Car 0.618368 495 160 524 173
Car 0.621471 632 158 644 176
Pedestrian 0.594774 664 168 669 181
Pedestrian 0.688877 693 166 699 178
Pedestrian 0.344838 707 166 712 179
Pedestrian 0.249228 735 157 741 168
Pedestrian 0.329166 631 172 637 188
Pedestrian 0.281815 667 171 673 184
Motor 0.290384 686 172 693 185
Pedestrian 0.496774 708 172 714 185
Car 0.628887 1051 207 1100 228
Car 0.856783 664 216 692 242
Car 0.756070 1073 221 1127 244
Pedestrian 0.588936 1045 235 1054 259
Car 0.817039 1098 233 1160 256
Car 0.968032 590 240 615 267
Car 0.414945 1006 245 1047 272
Car 0.962001 805 254 837 280
Car 0.568706 1154 254 1230 282
Van 0.835202 1001 263 1075 296
Pedestrian 0.834703 1127 275 1138 299
Van 0.883597 1176 268 1268 307
Pedestrian 0.668740 1233 305 1247 337
Car 0.784653 1268 302 1352 339
Van 0.619346 885 371 963 434
Van 0.687908 780 385 838 463
Van 0.968699 574 428 625 507
Van 0.983975 942 439 1010 519
Tricycle 0.260231 554 664 591 735
