Pedestrian 0.401502 641 780 729 921
Pedestrian 0.701460 380 840 446 1012
Bike 0.275833 229 952 337 1071
Pedestrian 0.282113 1005 578 1018 608
Pedestrian 0.381999 1041 573 1056 616
Pedestrian 0.277687 1047 587 1060 631
Pedestrian 0.461770 1122 627 1142 689
Pedestrian 0.751817 1145 626 1166 689
Pedestrian 0.380433 370 639 402 719
Pedestrian 0.216046 474 647 497 707
Pedestrian 0.407606 606 645 631 711
Pedestrian 0.312571 1082 621 1115 713
Pedestrian 0.352375 1250 654 1279 705
Car 0.702336 1282 653 1422 708
Car 0.439222 1540 649 1671 704
Pedestrian 0.613049 298 647 328 732
Pedestrian 0.291923 338 653 367 737
Pedestrian 0.408736 516 658 541 723
Car 0.696687 837 643 915 753
Pedestrian 0.449179 1026 659 1053 720
Pedestrian 0.229068 1258 667 1290 717
Pedestrian 0.315378 1295 673 1322 722
Car 0.730635 1715 670 1848 727
Pedestrian 0.306549 76 671 110 762
Pedestrian 0.534297 1594 691 1629 741
Pedestrian 0.217998 40 690 82 776
Pedestrian 0.420678 336 692 366 784
Pedestrian 0.354657 373 690 401 781
Pedestrian 0.868644 440 685 470 785
Pedestrian 0.830386 1250 692 1283 778
Pedestrian 0.703760 1546 698 1581 773
Pedestrian 0.396580 408 708 441 797
Pedestrian 0.388793 149 719 179 839
Pedestrian 0.560692 261 725 294 836
Pedestrian 0.492102 305 739 338 851
Pedestrian 0.676115 338 734 376 849
Pedestrian 0.761283 584 739 626 862
Pedestrian 0.625907 112 750 148 885
Pedestrian 0.544522 141 750 176 893
Pedestrian 0.500021 558 761 594 865
Pedestrian 0.979912 1463 766 1513 880
Pedestrian 0.842153 1515 762 1567 874
Pedestrian 0.570037 188 785 224 900
Pedestrian 0.506989 219 782 254 903
Pedestrian 0.443148 253 779 292 909
Pedestrian 0.305384 657 768 712 920
Pedestrian 0.544467 599 782 635 936
Pedestrian 0.354836 627 768 667 944
Pedestrian 0.725791 755 823 808 971
Pedestrian 0.506439 848 823 895 971
Pedestrian 0.450325 228 849 271 1000
Pedestrian 0.638326 371 836 421 1012
Pedestrian 0.686689 163 872 222 1022
Pedestrian 0.607174 1650 988 1725 1079
Pedestrian 0.711805 1711 983 1781 1080
