Car 0.994590 609 370 722 488
Car 0.984563 719 525 834 719
Car 0.969740 1034 678 1215 762
Bus 0.328677 887 0 913 12
Car 0.676172 943 2 957 10
Car 0.213860 968 2 981 10
Car 0.683466 945 15 961 28
Car 0.866684 971 17 988 29
Pedestrian 0.307833 717 27 723 45
Car 0.780392 952 25 970 38
Car 0.653505 990 34 1011 50
Pedestrian 0.306894 656 58 665 77
Car 0.856258 862 57 889 76
Car 0.409134 851 69 879 92
Bus 0.679991 885 57 930 111
Pedestrian 0.220716 983 74 997 90
Car 0.203512 1300 73 1352 93
Car 0.254859 851 78 877 109
Car 0.534553 1327 83 1358 105
Car 0.403790 837 92 872 121
Pedestrian 0.332070 618 119 630 141
Pedestrian 0.542552 628 117 641 140
Car 0.212877 651 110 691 133
Car 0.345480 825 104 866 135
Car 0.750008 886 111 926 139
Car 0.872223 824 137 860 167
Car 0.723811 879 133 921 173
Car 0.882736 503 163 565 202
Car 0.919679 1204 163 1268 207
Car 0.956411 557 175 614 229
Car 0.897527 788 179 842 224
Pedestrian 0.231137 470 205 485 238
Car 0.917235 861 200 910 265
Car 0.354774 353 221 443 272
Pedestrian 0.705995 681 227 699 263
Bike 0.447527 681 237 699 272
Awning-tricycle 0.773893 1078 231 1114 285
Pedestrian 0.241109 91 249 109 294
Pedestrian 0.329186 441 248 460 285
Car 0.948523 743 235 803 302
Pedestrian 0.466464 345 266 365 304
Pedestrian 0.720287 319 285 342 323
Car 0.957574 835 275 901 357
Pedestrian 0.531364 255 337 279 390
Pedestrian 0.911864 1204 340 1228 378
Motor 0.688088 1200 354 1230 390
