Car 0.644734 448 630 558 753
Car 0.237789 665 108 674 114
Car 0.245649 637 120 652 129
Car 0.358424 707 119 715 128
Car 0.284516 625 136 639 146
Car 0.602739 667 133 680 143
Car 0.417436 696 135 707 145
Car 0.266938 610 149 626 161
Car 0.753583 650 152 667 165
Car 0.636250 692 146 706 158
Car 0.696345 528 162 548 176
Car 0.354984 602 164 620 179
Car 0.709486 684 160 700 173
Car 0.274627 844 167 862 180
Car 0.555593 305 179 337 195
Car 0.454063 405 176 445 196
Car 0.237810 469 175 493 191
Car 0.231323 496 175 521 189
Car 0.436967 517 171 539 184
Pedestrian 0.437955 551 176 558 186
Car 0.522693 597 170 618 184
Car 0.334745 766 176 786 195
Car 0.328962 842 175 861 188
Car 0.582536 311 192 346 208
Car 0.533851 336 189 367 206
Car 0.700930 359 187 388 203
Pedestrian 0.402849 458 196 466 209
Car 0.568531 482 185 514 200
Pedestrian 0.358823 601 198 608 210
Car 0.745789 833 191 870 206
Car 0.375007 21 208 68 228
Car 0.313212 40 205 81 224
Car 0.385995 94 207 129 227
Car 0.257329 133 207 164 228
Pedestrian 0.352128 170 204 180 219
Car 0.663384 208 208 231 226
Pedestrian 0.454506 244 206 253 218
Car 0.524869 260 205 292 222
Car 0.309629 279 203 320 222
Car 0.364624 307 207 334 223
Car 0.685614 357 201 399 219
Motor 0.483893 455 201 466 214
Motor 0.224234 600 202 609 214
Car 0.442985 842 202 874 218
Car 0.350162 853 208 883 225
Motor 0.365231 894 204 905 217
Motor 0.279520 920 207 932 219
Pedestrian 0.218787 2 220 19 238
Pedestrian 0.252288 109 215 124 232
Car 0.326459 146 213 179 231
Motor 0.336104 245 218 258 229
Van 0.560563 360 216 416 239
Pedestrian 0.773940 845 222 854 238
Car 0.571889 858 214 887 233
Car 0.740062 883 220 923 241
Motor 0.450647 1029 222 1042 235
Car 0.386490 80 238 138 255
Car 0.672232 225 231 280 249
Car 0.758631 569 228 600 253
Car 0.671821 620 229 650 253
Car 0.598032 938 229 963 251
Car 0.675556 980 235 1035 257
Car 0.464971 1058 232 1111 249
Car 0.329700 1151 237 1193 256
Car 0.211662 1195 232 1228 249
Pedestrian 0.391538 1313 231 1324 250
Car 0.628900 -4 247 42 272
Pedestrian 0.745966 237 254 248 270
Pedestrian 0.583787 744 244 755 261
Motor 0.521572 940 247 954 260
Car 0.221346 1305 243 1342 264
Car 0.651067 1322 247 1357 266
Car 0.444747 105 253 183 279
Pedestrian 0.533911 241 265 256 281
Tricycle 0.362684 274 257 320 277
Car 0.577974 372 256 423 283
Car 0.629102 677 260 707 286
Car 0.522106 717 251 772 283
Motor 0.460188 243 272 264 289
Car 0.206883 788 264 828 296
Car 0.328055 992 271 1072 297
Pedestrian 0.751285 138 294 151 314
Car 0.562281 425 288 478 322
Car 0.602863 675 279 708 311
Motor 0.515073 135 301 157 319
Car 0.576049 520 303 563 340
Pedestrian 0.641058 619 309 632 330
Motor 0.278118 618 316 632 336
Pedestrian 0.444740 72 337 87 362
Car 0.208640 285 340 344 386
Car 0.749849 581 337 628 376
Pedestrian 0.699300 736 371 750 404
Pedestrian 0.479548 754 377 768 411
Pedestrian 0.682790 708 383 723 421
Pedestrian 0.501029 739 384 754 423
Pedestrian 0.307128 735 395 749 432
Pedestrian 0.855962 922 433 939 468
