Car 0.663483 19 485 106 558
Car 0.798952 46 617 144 729
Car 0.886131 151 607 246 717
Car 0.923817 256 601 345 716
Car 0.957492 351 602 431 713
Car 0.943209 429 601 514 705
Car 0.971178 522 596 597 704
Car 0.731044 -9 647 59 746
Car 0.571063 451 92 475 104
Car 0.524077 448 103 476 116
Car 0.431961 467 106 491 120
Car 0.288163 516 104 532 120
Car 0.285081 446 116 467 130
Car 0.216988 520 119 537 133
Car 0.612427 583 118 600 131
Car 0.745542 462 132 495 147
Car 0.694939 520 130 538 145
Car 0.700048 598 133 616 148
Motor 0.282411 420 148 435 161
Car 0.876379 456 146 497 164
Car 0.662963 523 148 544 165
Car 0.464485 530 157 550 174
Car 0.656054 612 156 633 172
Car 0.317329 617 163 640 179
Car 0.700022 427 175 471 191
Car 0.780565 532 173 552 194
Car 0.783679 625 175 647 191
Car 0.758661 423 188 475 206
Car 0.741221 481 190 523 210
Car 0.579049 632 186 654 203
Car 0.831117 432 202 483 222
Car 0.743318 489 203 534 225
Car 0.617484 646 197 669 216
Pedestrian 0.247567 378 216 385 235
Car 0.790034 657 217 685 238
Motor 0.521405 398 231 412 247
Car 0.748586 431 225 471 253
Car 0.851181 479 226 535 249
Car 0.724515 545 234 583 257
Car 0.393967 666 232 700 254
Car 0.676802 518 248 572 272
Car 0.308780 669 245 701 267
Pedestrian 0.265300 373 261 385 285
Car 0.214129 407 260 448 286
Car 0.806429 588 257 623 288
Car 0.350778 680 259 721 282
Car 0.305709 481 273 528 298
Pedestrian 0.747073 638 278 647 297
Car 0.646834 695 275 741 298
Car 0.266549 366 284 428 317
Car 0.361428 459 287 520 311
Car 0.496466 567 280 595 315
Car 0.796693 363 299 439 330
Car 0.678372 452 302 527 331
Pedestrian 0.475203 634 306 643 327
Car 0.732497 679 304 715 335
Car 0.844098 719 295 752 324
Pedestrian 0.438617 340 315 351 349
Car 0.725065 374 318 451 352
Car 0.536539 491 316 565 349
Car 0.802462 570 312 609 345
Pedestrian 0.297495 634 318 644 341
Car 0.773435 733 321 770 351
Car 0.301969 486 331 565 362
Tricycle 0.566589 632 330 650 359
Car 0.823801 341 343 438 379
Car 0.438513 485 344 568 376
Car 0.511160 693 345 740 385
Pedestrian 0.451634 739 351 749 373
Car 0.714916 761 343 803 380
Car 0.601866 488 360 575 394
Pedestrian 0.729322 680 363 692 391
Car 0.898749 1219 351 1310 394
Car 0.921230 333 375 440 415
Car 0.542592 593 370 632 419
Car 0.825156 490 384 583 421
Car 0.890932 720 389 772 428
Car 0.842608 779 383 839 425
Pedestrian 0.368324 401 407 418 437
Car 0.627964 479 403 582 439
Van 0.595995 278 401 366 463
Tricycle 0.455621 394 411 428 447
Car 0.897934 215 426 303 480
Car 0.913663 476 428 588 467
Car 0.738326 606 428 657 480
Car 0.815899 806 425 876 474
Car 0.950101 145 449 236 505
Car 0.866949 455 453 563 495
Car 0.796669 1256 445 1361 508
Car 0.940155 82 469 172 525
Car 0.910582 454 481 567 524
Pedestrian 0.733548 842 490 860 529
Car 0.694826 855 479 926 538
Car 0.883966 405 506 525 558
Car 0.871128 630 513 691 581
Pedestrian 0.496338 355 546 373 592
Pedestrian 0.268034 1200 539 1222 582
Pedestrian 0.436403 1274 545 1294 585
Car 0.254683 1 647 40 750
Pedestrian 0.305992 290 731 321 759
