Car 0.812897 1 455 148 527
Van 0.702233 0 490 125 584
Car 0.833512 2 594 140 713
Car 0.310325 642 64 648 70
Car 0.284079 656 66 662 72
Car 0.670826 633 79 640 87
Car 0.796333 660 78 667 86
Car 0.200563 669 88 677 97
Car 0.434889 678 91 688 100
Pedestrian 0.680556 633 103 638 112
Car 0.696435 602 118 618 133
Car 0.812936 642 113 657 128
Car 0.201672 688 115 705 135
Car 0.249498 707 119 720 133
Car 0.620211 685 127 699 142
Car 0.696368 913 132 945 149
Pedestrian 0.251468 540 143 547 156
Car 0.778953 730 144 749 163
Pedestrian 0.205451 902 146 909 161
Car 0.572305 643 160 665 180
Car 0.741561 816 158 842 179
Car 0.225200 868 157 886 176
Car 0.286178 888 158 906 177
Car 0.858574 326 177 374 199
Car 0.420128 358 170 401 195
Car 0.464256 843 173 875 200
Car 0.238707 941 169 967 194
Pedestrian 0.443637 199 191 209 206
Van 0.625127 234 181 264 208
Car 0.881462 277 185 317 206
Pedestrian 0.225771 82 208 96 227
Pedestrian 0.264305 115 208 127 225
Pedestrian 0.531672 137 208 148 225
Pedestrian 0.332059 298 207 310 226
Truck 0.458964 300 196 384 233
Pedestrian 0.644051 435 207 447 228
Car 0.866287 650 199 676 224
Pedestrian 0.514533 687 208 696 225
Car 0.574068 891 193 920 220
Car 0.609572 921 201 951 228
Car 0.345240 953 204 987 233
Car 0.780653 0 214 33 238
Car 0.496470 135 214 207 243
Car 0.608221 213 219 289 248
Pedestrian 0.202975 294 213 307 232
Bike 0.718228 685 216 694 234
Pedestrian 0.794663 715 221 725 240
Pedestrian 0.419658 929 217 939 240
Car 0.219065 968 213 988 238
Car 0.510083 988 211 1027 239
Car 0.310035 1072 216 1100 247
Motor 0.749257 713 230 727 249
Car 0.613941 1149 231 1235 264
Pedestrian 0.686675 995 248 1009 273
Motor 0.678198 1031 243 1049 266
Motor 0.574566 1104 246 1125 266
Car 0.668930 1283 242 1361 272
Car 0.644760 378 249 473 282
Car 0.906612 877 254 967 288
Motor 0.748498 990 256 1014 280
Car 0.802119 439 271 533 307
Car 0.235985 277 278 368 315
Tricycle 0.213998 695 289 735 312
Car 0.600416 758 288 858 325
Car 0.790212 1074 280 1162 317
Car 0.268893 1320 280 1360 323
Car 0.647869 -2 295 50 332
Car 0.788798 117 293 216 331
Car 0.890991 280 293 390 333
Car 0.770265 566 300 661 340
Car 0.718217 1002 299 1079 344
Pedestrian 0.505874 393 322 413 350
Car 0.881173 877 306 965 362
Motor 0.645130 392 329 418 359
Pedestrian 0.742821 1199 343 1226 373
Car 0.352164 0 356 12 393
Motor 0.220313 1185 354 1241 388
Car 0.720196 -2 376 65 437
Car 0.761278 14 403 134 458
Pedestrian 0.416644 207 418 232 456
Pedestrian 0.259197 176 420 205 468
Motor 0.517919 201 425 241 471
Pedestrian 0.390397 830 426 850 470
Car 0.482248 -3 434 118 492
Pedestrian 0.608379 1090 486 1111 526
Motor 0.310358 1089 498 1112 538
Pedestrian 0.593521 568 534 594 574
Motor 0.307013 562 541 598 590
Pedestrian 0.327783 308 628 335 685
Motor 0.234226 304 632 339 702
Car 0.322816 1167 750 1317 763
