Car 0.917009 52 582 220 670
Car 0.746081 416 617 505 748
Car 0.788280 -4 676 156 763
Car 0.262259 659 107 669 117
Car 0.491074 701 117 713 130
Pedestrian 0.910828 668 138 674 148
Car 0.608329 695 135 711 149
Car 0.700591 704 135 719 149
Car 0.715330 608 146 633 163
Car 0.704201 694 141 711 156
Car 0.754395 714 143 730 158
Car 0.250242 549 163 587 179
Car 0.367597 608 158 626 175
Car 0.301458 781 166 811 181
Car 0.482895 807 164 837 179
Car 0.568964 840 165 867 181
Car 0.573147 545 176 588 194
Car 0.795057 600 167 625 188
Car 0.958978 655 173 673 191
Pedestrian 0.798694 749 178 756 193
Car 0.730037 767 173 792 190
Car 0.443435 777 173 806 188
Car 0.659640 807 172 836 188
Car 0.816287 537 187 581 206
Motor 0.254352 748 185 757 198
Car 0.352227 781 191 812 209
Car 0.227256 810 190 846 207
Car 0.420946 827 190 856 209
Car 0.557401 515 202 568 222
Car 0.460445 770 200 788 221
Car 0.468467 775 200 802 219
Car 0.510619 489 233 542 258
Car 0.635344 503 227 553 251
Car 0.988298 754 226 785 252
Car 0.421407 479 242 533 265
Car 0.832855 552 240 587 273
Pedestrian 0.906055 593 243 602 265
Pedestrian 0.369086 598 241 607 263
Car 0.855517 681 235 709 266
Car 0.560653 764 251 800 277
Car 0.217794 456 255 520 289
Car 0.875565 767 272 799 301
Car 0.931165 778 303 821 340
Car 0.698823 385 311 470 351
Car 0.992818 785 331 830 371
Car 0.533067 752 374 793 414
Car 0.986779 524 404 586 474
Pedestrian 0.981426 768 414 785 455
Car 0.971866 802 421 857 478
Pedestrian 0.890700 806 458 825 506
Pedestrian 0.866826 339 520 362 580
Pedestrian 0.511220 358 520 378 582
Car 0.480286 102 746 233 764
