Car 0.974748 538 623 604 732
Car 0.741055 511 2 525 15
Car 0.215598 555 4 571 19
Car 0.573127 648 0 667 12
Car 0.701932 711 0 738 7
Car 0.726169 733 0 756 7
Car 0.571647 756 -1 779 5
Car 0.421958 351 16 363 32
Car 0.696343 492 15 508 29
Car 0.505289 549 9 562 24
Pedestrian 0.713097 634 16 639 30
Car 0.782320 759 18 787 31
Car 0.815224 779 16 807 29
Car 0.569128 389 23 405 40
Car 0.436503 748 23 777 36
Pedestrian 0.438095 433 47 439 59
Car 0.834826 774 47 800 64
Car 0.736319 522 59 539 82
Pedestrian 0.699610 455 105 463 117
Car 0.840536 556 103 583 125
Van 0.421675 641 98 664 127
Car 0.802110 528 111 552 136
Car 0.811494 672 110 694 138
Pedestrian 0.741296 771 117 778 136
Pedestrian 0.432821 789 115 796 133
Pedestrian 0.457150 446 138 453 152
Pedestrian 0.390479 768 126 775 144
Pedestrian 0.430646 399 148 408 166
Motor 0.536901 447 143 456 158
Car 0.270270 327 151 361 180
Car 0.820991 630 156 664 184
Car 0.819344 672 159 704 185
Pedestrian 0.658422 712 155 720 172
Pedestrian 0.614472 551 178 560 194
Car 0.394648 1211 189 1265 212
Car 0.919256 1323 203 1357 227
Car 0.461672 1344 219 1359 243
Car 0.328666 401 222 458 255
Pedestrian 0.493212 367 258 378 280
Pedestrian 0.557594 990 280 1003 302
Car 0.345308 446 293 488 338
Car 0.904605 754 304 805 345
Bike 0.658115 359 339 383 360
Car 0.895308 506 325 545 377
Car 0.932998 654 331 700 389
Pedestrian 0.300999 364 368 377 392
Motor 0.566993 366 372 382 395
Pedestrian 0.484381 1317 376 1335 399
Pedestrian 0.960960 399 390 409 417
Pedestrian 0.871726 381 401 392 426
Car 0.983178 475 385 523 445
Pedestrian 0.837475 1336 435 1350 462
Car 0.969928 369 439 413 497
Car 0.969696 491 443 535 501
Car 0.882115 871 454 942 517
Car 0.961883 508 495 568 576
Car 0.956158 588 529 651 606
Van 0.881158 401 695 454 766
Car 0.753135 562 723 628 764
