Truck 0.733152 278 696 440 768
Car 0.219087 546 48 562 59
Car 0.360117 545 59 562 69
Car 0.242490 607 64 619 76
Car 0.343501 548 74 566 86
Car 0.373721 584 77 599 90
Pedestrian 0.202445 635 75 639 84
Car 0.529532 500 91 519 102
Car 0.426235 527 89 546 101
Pedestrian 0.275408 611 96 616 105
Car 0.870678 437 106 465 118
Car 0.255014 471 98 490 108
Pedestrian 0.567407 512 105 518 116
Car 0.278887 553 104 575 117
Car 0.486293 571 100 592 112
Car 0.451379 649 102 673 113
Car 0.612987 411 118 443 130
Car 0.520212 545 112 573 125
Car 0.481011 739 116 758 130
Pedestrian 0.202822 649 131 655 142
Pedestrian 0.476009 655 131 661 141
Pedestrian 0.513914 683 131 688 143
Car 0.309022 713 134 723 147
Car 0.298277 743 130 756 143
Car 0.770473 639 150 656 167
Car 0.567929 716 145 738 160
Car 0.319173 726 148 748 163
Pedestrian 0.285005 675 162 681 173
Pedestrian 0.396677 686 160 693 172
Car 0.330939 737 161 756 176
Car 0.810262 766 179 812 196
Car 0.870909 600 188 619 209
Pedestrian 0.439582 798 194 807 208
Car 0.840930 721 206 764 223
Pedestrian 0.384034 775 211 783 225
Pedestrian 0.323264 810 210 818 225
Car 0.655637 727 221 770 239
Pedestrian 0.230744 766 217 775 231
Motor 0.396175 813 215 824 229
Motor 0.391496 836 219 848 234
Pedestrian 0.774107 793 236 800 253
Car 0.870149 541 250 565 274
Car 0.439214 744 247 782 269
Motor 0.205760 449 267 460 281
Pedestrian 0.688214 573 260 580 276
Car 0.600368 739 260 785 284
Pedestrian 0.292594 901 267 908 284
Car 0.895801 541 277 564 306
Car 0.924843 600 269 624 297
Car 0.495901 736 269 787 296
Pedestrian 0.416866 430 286 437 306
Pedestrian 0.352320 451 294 461 312
Car 0.455023 460 290 509 311
Car 0.897958 746 290 795 315
Pedestrian 0.583289 437 309 445 328
Car 0.663714 748 308 798 331
Motor 0.291019 865 308 884 323
Pedestrian 0.216182 429 324 438 342
Van 0.494112 511 327 561 360
Car 0.544508 753 329 807 355
Motor 0.364379 919 340 943 358
Pedestrian 0.200313 404 351 413 372
Pedestrian 0.210234 481 352 491 372
Car 0.467469 766 349 824 372
Motor 0.693043 923 346 947 366
Pedestrian 0.277380 421 363 437 381
Tricycle 0.321989 528 360 551 378
Pedestrian 0.830940 899 360 908 385
Motor 0.768902 940 369 966 389
Van 0.649213 548 374 582 415
Car 0.602276 722 380 749 410
Car 0.622925 769 372 831 402
Pedestrian 0.330808 406 387 416 410
Car 0.710304 459 384 538 417
Car 0.621066 805 404 876 434
Pedestrian 0.524806 985 405 996 431
Pedestrian 0.529314 996 405 1007 430
Car 0.858170 514 413 560 455
Pedestrian 0.659986 729 421 739 442
Car 0.550646 746 423 810 457
Car 0.747481 419 430 499 462
Pedestrian 0.246622 593 445 604 463
Van 0.384883 925 416 980 480
Pedestrian 0.685778 592 451 605 472
Van 0.629834 803 445 872 482
Car 0.921974 413 457 497 496
Car 0.592803 533 452 571 510
Car 0.830549 717 448 755 496
Pedestrian 0.910131 917 507 931 535
Car 0.795378 485 510 528 576
Van 0.869822 756 514 799 569
Pedestrian 0.879189 950 540 965 566
Pedestrian 0.876503 978 535 992 564
Pedestrian 0.218789 988 531 1002 562
Pedestrian 0.584267 947 554 962 579
Pedestrian 0.709860 939 566 952 595
Motor 0.506643 1056 567 1100 590
Pedestrian 0.835604 322 583 335 614
Car 0.754567 483 557 547 625
Pedestrian 0.542555 914 587 928 612
Pedestrian 0.441886 944 581 957 608
Motor 0.235608 900 593 921 621
Motor 0.456713 911 591 928 620
Pedestrian 0.810024 948 591 962 621
Pedestrian 0.507849 1021 594 1038 624
Pedestrian 0.810131 1052 593 1068 622
Pedestrian 0.547136 1212 597 1227 626
Pedestrian 0.599574 1229 597 1245 630
Pedestrian 0.722245 680 612 694 641
Car 0.746220 807 592 886 646
Pedestrian 0.411641 1137 618 1157 642
Motor 0.586300 679 621 693 653
Motor 0.677590 1132 622 1158 647
Car 0.904212 520 617 567 694
Van 0.737809 391 647 484 703
Pedestrian 0.335706 915 652 936 678
Pedestrian 0.827243 928 665 944 698
Pedestrian 0.741824 941 664 957 700
Pedestrian 0.914859 1135 664 1153 701
Bike 0.401301 274 683 310 705
Pedestrian 0.836342 869 697 884 725
Awning-tricycle 0.201148 1150 697 1243 737
Car 0.910494 471 698 527 762
Van 0.795137 844 707 947 765
Awning-tricycle 0.239829 990 726 1078 765
Motor 0.319340 1209 752 1264 764
