Van 0.930833 947 471 1053 563
Van 0.964621 1037 603 1183 738
Car 0.343349 663 81 668 85
Car 0.251605 682 82 687 86
Car 0.618635 659 90 664 96
Car 0.454235 689 90 695 96
Car 0.695795 644 107 652 117
Truck 0.508733 661 104 670 116
Car 0.457207 706 108 714 117
Car 0.757288 636 116 645 127
Car 0.882894 666 116 675 126
Car 0.433741 700 115 707 125
Car 0.224762 711 114 720 125
Car 0.898809 663 143 677 157
Car 0.580911 465 164 496 179
Car 0.484578 607 163 624 182
Pedestrian 0.849190 660 179 666 194
Pedestrian 0.436329 746 182 753 196
Pedestrian 0.232323 759 180 765 196
Motor 0.480319 660 185 668 200
Van 0.683700 702 179 727 208
Pedestrian 0.740518 744 187 750 202
Pedestrian 0.697819 763 188 770 204
Pedestrian 0.219623 1113 207 1122 225
Car 0.940354 652 209 680 236
Car 0.907458 1105 226 1164 250
Car 0.803032 1136 241 1194 266
Car 0.663897 1168 252 1244 281
Car 0.603397 553 264 591 297
Car 0.969953 600 265 635 300
Pedestrian 0.236608 1203 279 1223 300
Pedestrian 0.463556 1266 274 1277 295
Car 0.913528 820 284 861 316
Motor 0.724162 1205 286 1228 306
Car 0.760611 1257 285 1334 318
Car 0.728867 1076 299 1152 338
Car 0.248285 1287 296 1353 330
Van 0.760296 1286 309 1364 353
Pedestrian 0.837306 1261 344 1275 373
Car 0.817488 741 345 791 396
Car 0.335983 1186 369 1285 408
Car 0.510637 1132 408 1205 463
Pedestrian 0.939006 899 472 919 511
Motor 0.804779 897 487 918 527
Car 0.836103 638 711 727 763
