Car 0.458606 526 129 532 134
Car 0.650269 486 160 498 168
Car 0.523023 541 157 551 164
Car 0.262944 576 158 589 166
Car 0.810554 374 169 388 178
Car 0.744233 465 167 477 176
Car 0.842077 478 166 490 175
Van 0.323553 579 163 592 173
Truck 0.250324 402 186 439 204
Car 0.411928 287 200 310 212
Pedestrian 0.364647 543 196 555 204
Pedestrian 0.424970 454 210 459 218
Pedestrian 0.319101 527 211 533 220
Motor 0.323246 446 219 451 227
Pedestrian 0.351648 506 219 511 228
Car 0.744919 491 235 507 249
Car 0.724416 307 244 328 261
Car 0.966321 495 247 511 261
Pedestrian 0.760423 522 248 527 260
Car 0.744298 468 252 483 268
Car 0.968580 497 260 514 276
Car 0.812426 472 270 492 287
Car 0.955299 504 274 522 291
Car 0.978153 509 288 527 307
Awning-tricycle 0.328360 348 296 361 313
Motor 0.589388 243 309 257 321
Car 0.984669 513 308 533 329
Car 0.820169 233 317 272 340
Truck 0.913292 478 303 504 341
Car 0.837666 217 330 256 352
Van 0.284341 530 325 550 351
Car 0.970313 487 356 517 384
Awning-tricycle 0.266203 591 350 615 404
Motor 0.500319 163 392 175 408
Tricycle 0.397843 134 421 150 440
Tricycle 0.334518 144 418 162 439
Tricycle 0.779718 643 414 678 449
Awning-tricycle 0.385519 322 449 356 492
