Truck 0.323569 -1 233 68 441
Van 0.626387 1228 385 1356 455
Car 0.838156 844 430 981 503
Car 0.930637 248 482 385 556
Car 0.876435 474 483 609 565
Car 0.944395 6 678 102 762
Pedestrian 0.975260 321 0 330 15
Car 0.859488 360 0 386 17
Motor 0.228248 503 -1 519 3
Van 0.325871 270 3 301 43
Motor 0.458483 161 23 182 40
Car 0.634986 165 37 228 61
Pedestrian 0.974732 301 40 312 61
Motor 0.403309 520 46 543 61
Motor 0.305535 300 52 312 68
Car 0.270137 170 66 217 88
Motor 0.311565 481 69 497 89
Motor 0.517392 498 72 517 92
Motor 0.390645 525 69 553 88
Car 0.403799 171 90 227 125
Van 0.516181 487 112 533 157
Pedestrian 0.954488 242 158 253 185
Car 0.692776 486 147 572 182
Motor 0.320257 58 165 85 191
Van 0.321008 88 161 177 199
Motor 0.541566 244 166 256 193
Van 0.983224 487 160 570 208
Awning-tricycle 0.298733 138 195 183 240
Car 0.931995 406 186 476 235
Pedestrian 0.411222 899 251 915 275
Pedestrian 0.288631 399 258 419 288
Tricycle 0.692207 456 246 524 288
Pedestrian 0.492026 1271 257 1285 289
Motor 0.585233 1288 257 1307 287
Motor 0.802849 1335 262 1357 287
Tricycle 0.216505 392 259 425 310
Pedestrian 0.245236 929 277 944 305
Motor 0.714029 1012 275 1035 308
Motor 0.234462 662 284 684 311
Motor 0.348847 717 288 737 316
Bike 0.707751 898 290 916 318
Bike 0.247979 926 285 944 312
Bike 0.410783 952 284 974 309
Motor 0.508078 963 287 981 315
Motor 0.986176 994 285 1013 317
Motor 0.866667 1069 282 1093 312
Car 0.980123 533 283 577 349
Tricycle 0.713445 789 287 826 336
Motor 0.759332 1285 297 1321 325
Motor 0.803190 1177 317 1206 346
Van 0.755734 684 321 740 387
Pedestrian 0.926560 842 375 868 403
Pedestrian 0.952330 1017 391 1043 418
Motor 0.371455 1005 401 1049 424
Car 0.914192 609 417 733 475
Car 0.955524 1075 416 1201 473
Pedestrian 0.231439 56 516 89 549
Bike 0.626586 51 514 106 553
Pedestrian 0.778210 465 733 494 761
Bike 0.334840 460 742 501 764
