Truck 0.802172 165 24 215 187
Van 0.466921 257 16 315 186
Truck 0.574345 421 22 468 184
Van 0.772839 522 20 563 190
Truck 0.317056 600 24 640 184
Van 0.600058 611 22 656 180
Truck 0.328501 693 29 741 182
Truck 0.768534 876 43 932 219
Bus 0.410086 993 54 1044 219
Truck 0.830881 1073 175 1280 242
Bus 0.311340 -3 270 151 332
Bus 0.272335 11 537 171 605
Truck 0.616005 319 647 388 743
Truck 0.650692 352 635 422 741
Truck 0.758525 489 620 536 752
Truck 0.481363 525 620 567 751
Others 0.380727 38 64 80 133
Motor 0.700584 12 137 70 172
Bus 0.394573 -2 262 149 304
Truck 0.530030 -9 293 155 330
Awning-tricycle 0.411945 1108 304 1206 336
Truck 0.870669 1116 430 1209 463
Truck 0.776779 819 446 978 481
Car 0.430702 12 461 158 499
Truck 0.919663 810 482 938 514
Car 0.697877 1316 504 1357 530
Bus 0.739078 17 530 168 574
Bus 0.731303 12 564 168 603
Truck 0.270243 8 595 172 631
Car 0.475819 968 602 997 643
Car 0.765241 1099 607 1118 653
Car 0.672061 1127 604 1145 643
Van 0.277712 1148 608 1165 644
Car 0.580021 994 616 1021 662
Car 0.708459 1031 614 1052 660
Car 0.559963 1056 610 1076 660
Car 0.486410 1079 609 1099 658
Car 0.827130 1268 624 1314 647
Car 0.259748 1345 633 1360 655
Truck 0.263191 657 606 690 731
Car 0.747700 1274 651 1321 675
Truck 0.336804 391 628 429 733
Truck 0.613278 561 621 599 741
Truck 0.414678 705 614 741 748
Truck 0.325566 731 620 763 739
Truck 0.604184 777 627 810 744
Van 0.372247 879 623 914 740
Truck 0.390322 940 640 977 733
Car 0.774439 1277 672 1321 696
Van 0.319663 200 671 230 731
Truck 0.662533 327 641 365 754
Car 0.554585 1260 701 1310 721
