Car 0.243492 1056 640 1184 751
Car 0.723115 1205 764 1573 920
Pedestrian 0.202976 1246 950 1332 1073
Pedestrian 0.217469 1326 433 1348 498
Pedestrian 0.201367 562 555 574 592
Pedestrian 0.593577 565 569 578 609
Pedestrian 0.338111 755 587 769 639
Pedestrian 0.220338 459 610 476 664
Pedestrian 0.781431 608 610 630 663
Pedestrian 0.580676 626 603 646 664
Pedestrian 0.797723 717 601 735 656
Pedestrian 0.783231 778 600 797 659
Pedestrian 0.620775 889 605 911 667
Pedestrian 0.541021 226 622 249 685
Pedestrian 0.456841 303 624 326 687
Pedestrian 0.690765 422 625 441 679
Pedestrian 0.851551 446 625 466 681
Pedestrian 0.251448 824 632 846 688
Pedestrian 0.341017 859 628 883 683
Pedestrian 0.482364 182 639 207 723
Pedestrian 0.565450 262 636 283 706
Pedestrian 0.232616 355 639 375 706
Pedestrian 0.388924 371 644 390 707
Bike 0.378152 450 645 474 698
Pedestrian 0.628776 484 636 506 706
Pedestrian 0.317114 795 637 820 704
Pedestrian 0.490152 812 640 837 703
Pedestrian 0.768248 377 662 399 727
Car 0.793459 1069 664 1200 742
Pedestrian 0.374268 108 673 148 759
Pedestrian 0.894115 813 673 841 767
Pedestrian 0.912324 852 675 882 765
Pedestrian 0.383373 874 665 903 760
Motor 0.250672 1202 681 1257 741
Pedestrian 0.539727 1289 684 1338 757
Pedestrian 0.822861 773 685 807 773
Pedestrian 0.835253 205 734 245 855
Pedestrian 0.951616 256 737 302 849
Pedestrian 0.496744 923 739 960 855
Pedestrian 0.495546 950 729 990 860
Pedestrian 0.416384 935 765 975 915
Pedestrian 0.846992 991 771 1036 910
Pedestrian 0.787927 1055 775 1104 945
Pedestrian 0.453211 1032 841 1075 1002
Pedestrian 0.455422 1632 869 1671 1013
Pedestrian 0.472115 994 902 1038 1030
Pedestrian 0.377553 1212 926 1268 1051
Pedestrian 0.296419 1 942 58 1077
Pedestrian 0.422637 1237 942 1296 1076
Pedestrian 0.457789 1305 939 1370 1067
