Pedestrian 0.310508 627 814 692 987
Pedestrian 0.526613 4 899 76 1071
Pedestrian 0.798663 1463 904 1557 1069
Pedestrian 0.877165 1376 938 1499 1075
Car 0.424593 970 581 991 608
Car 0.280232 1005 578 1025 609
Pedestrian 0.257108 1046 575 1059 610
Pedestrian 0.351877 1079 573 1092 614
Pedestrian 0.290475 703 588 721 634
Pedestrian 0.399365 794 592 810 635
Pedestrian 0.676940 819 593 835 636
Pedestrian 0.243603 863 593 879 629
Pedestrian 0.218688 889 592 902 627
Pedestrian 0.240218 947 594 960 627
Pedestrian 0.303697 972 594 988 627
Pedestrian 0.456422 1004 593 1019 634
Pedestrian 0.405980 1042 592 1057 636
Pedestrian 0.312831 1076 588 1091 635
Pedestrian 0.278559 601 611 622 662
Pedestrian 0.661636 637 603 657 663
Pedestrian 0.291451 710 609 730 657
Pedestrian 0.259924 748 604 766 658
Pedestrian 0.619308 1015 603 1030 649
Pedestrian 0.372788 1032 601 1049 648
Pedestrian 0.789468 1089 606 1107 658
Pedestrian 0.393732 1114 607 1136 656
Pedestrian 0.377309 533 629 556 689
Pedestrian 0.679649 562 624 584 686
Pedestrian 0.520629 595 625 617 686
Pedestrian 0.675608 670 619 690 682
Pedestrian 0.534671 778 626 802 672
Pedestrian 0.790550 845 624 867 686
Pedestrian 0.729060 1122 624 1146 690
Pedestrian 0.507714 1150 623 1173 691
Pedestrian 0.484088 1230 622 1251 692
Pedestrian 0.254042 1217 628 1244 710
Pedestrian 0.260679 451 656 484 733
Pedestrian 0.359413 527 654 554 744
Pedestrian 0.336969 736 647 768 738
Pedestrian 0.463161 338 658 368 765
Pedestrian 0.756460 551 670 581 760
Pedestrian 0.709717 701 672 731 764
Bike 0.216311 709 688 739 779
Pedestrian 0.672106 738 694 769 778
Pedestrian 0.435207 1369 686 1409 793
Pedestrian 0.607258 227 701 260 825
Pedestrian 0.831091 292 705 325 808
Pedestrian 0.251456 330 711 360 806
Pedestrian 0.606345 1397 711 1441 840
Pedestrian 0.741692 339 747 371 855
Pedestrian 0.773125 461 732 504 867
Motor 0.271614 606 766 660 834
Pedestrian 0.861424 1015 756 1070 894
Pedestrian 0.808871 1073 756 1127 892
Pedestrian 0.821472 1139 762 1193 888
Pedestrian 0.738316 1351 748 1395 881
Pedestrian 0.803674 147 775 194 906
Pedestrian 0.611042 1013 969 1087 1085
Pedestrian 0.702794 1091 970 1164 1080
