Car 0.481607 717 478 783 538
Car 0.307986 411 150 415 153
Car 0.466222 397 159 401 163
Car 0.695397 413 159 417 163
Car 0.676402 429 160 434 164
Car 0.418848 394 168 399 173
Car 0.532470 417 166 422 171
Car 0.855715 429 168 434 173
Car 0.343887 381 180 389 186
Car 0.843845 418 180 424 186
Car 0.720011 431 179 436 185
Car 0.505063 444 180 451 186
Car 0.571891 376 188 385 195
Car 0.796975 406 188 412 195
Pedestrian 0.208400 454 189 458 195
Car 0.462452 374 196 384 205
Car 0.408575 407 199 413 206
Car 0.466135 374 208 383 217
Motor 0.532425 418 206 421 212
Pedestrian 0.338532 450 214 453 220
Car 0.475821 315 218 335 230
Car 0.440014 373 216 382 225
Motor 0.719261 449 217 453 223
Car 0.603781 466 218 476 227
Tricycle 0.238364 275 231 293 242
Car 0.828385 401 226 412 237
Awning-tricycle 0.270656 451 229 465 244
Tricycle 0.225503 472 225 479 234
Car 0.772561 431 239 445 254
Car 0.888435 353 250 370 263
Car 0.771083 287 258 322 273
Car 0.559514 494 259 510 273
Awning-tricycle 0.487158 465 265 478 282
Awning-tricycle 0.248298 221 278 250 293
Tricycle 0.269257 238 279 254 291
Car 0.494953 351 279 370 295
Pedestrian 0.584457 370 281 375 295
Van 0.706354 440 275 457 293
Tricycle 0.240990 607 278 623 290
Tricycle 0.481898 216 290 243 304
Awning-tricycle 0.416354 198 299 227 313
Car 0.484704 338 295 354 314
Tricycle 0.509357 193 309 226 323
Pedestrian 0.230747 252 308 258 324
Tricycle 0.574199 260 308 275 324
Tricycle 0.288994 190 321 224 335
Tricycle 0.394705 193 327 220 343
Tricycle 0.233397 249 329 274 342
Car 0.542550 323 322 343 347
Car 0.466857 348 320 366 345
Motor 0.842608 501 330 508 342
Tricycle 0.249372 159 340 185 355
Tricycle 0.617292 176 338 213 355
Tricycle 0.508749 137 348 172 369
Tricycle 0.480863 173 348 207 367
Car 0.743041 546 343 573 367
Van 0.530442 311 358 333 383
Car 0.641972 457 354 482 379
Tricycle 0.459651 123 368 153 383
Tricycle 0.627116 153 368 188 383
Pedestrian 0.818690 398 380 405 399
Car 0.746575 78 405 140 434
Motor 0.438869 96 435 118 455
Awning-tricycle 0.258883 284 423 312 455
Motor 0.345712 71 439 87 462
Pedestrian 0.381710 586 445 597 465
Motor 0.698496 586 450 600 472
Car 0.620385 283 449 327 500
Motor 0.631020 51 472 84 498
Motor 0.268513 1 481 40 500
Pedestrian 0.564957 371 481 382 503
Tricycle 0.846756 367 471 389 513
Awning-tricycle 0.299829 669 483 703 527
Tricycle 0.299240 264 496 299 529
