Car 0.301152 824 394 919 467
Car 0.404862 274 453 367 535
Pedestrian 0.498570 1029 670 1110 755
Pedestrian 0.835611 420 0 432 13
Pedestrian 0.548105 509 26 522 54
Pedestrian 0.298070 550 26 562 51
Pedestrian 0.662407 253 43 265 67
Pedestrian 0.410157 261 44 274 68
Pedestrian 0.517414 530 34 542 59
Pedestrian 0.321545 553 35 565 58
Bike 0.206269 490 66 516 92
Awning-tricycle 0.391552 860 104 925 150
Pedestrian 0.822824 686 139 701 178
Pedestrian 0.916757 626 141 641 186
Pedestrian 0.920877 712 146 725 185
Pedestrian 0.952689 737 152 750 187
Pedestrian 0.844723 665 173 680 219
Pedestrian 0.957084 689 175 702 218
Pedestrian 0.888079 712 178 725 216
Bike 0.207301 871 260 925 281
Pedestrian 0.712546 623 261 640 303
Pedestrian 0.266158 939 281 965 315
Motor 0.254427 958 292 1006 318
Pedestrian 0.460198 923 295 944 345
Motor 0.584506 986 301 1025 333
Pedestrian 0.648943 857 304 879 360
Pedestrian 0.705871 947 301 967 348
Motor 0.687985 1024 315 1076 350
Pedestrian 0.404457 798 319 814 367
Pedestrian 0.598639 833 323 851 366
Pedestrian 0.207001 970 320 989 363
Pedestrian 0.331471 689 350 712 380
Pedestrian 0.303900 830 334 847 379
Pedestrian 0.596790 960 329 990 384
Car 0.716050 389 353 459 419
Pedestrian 0.297022 1193 359 1216 420
Pedestrian 0.324696 1341 415 1361 477
Tricycle 0.210199 700 460 795 524
Car 0.280322 299 516 409 580
Pedestrian 0.706244 1176 540 1215 620
Pedestrian 0.644486 1166 585 1211 671
