Car 0.477142 471 192 477 198
Car 0.283424 466 195 472 201
Pedestrian 0.210864 486 200 489 205
Car 0.352427 338 213 351 219
Car 0.714164 351 211 363 218
Car 0.584744 374 210 384 217
Car 0.592993 428 210 437 218
Car 0.781042 450 209 458 216
Car 0.434026 489 209 496 216
Car 0.446519 503 209 513 216
Car 0.426729 518 210 528 216
Car 0.359103 543 211 552 218
Car 0.826193 335 219 350 226
Car 0.608827 425 219 434 227
Car 0.233324 442 216 450 222
Car 0.851899 466 217 474 224
Car 0.697570 482 220 490 228
Car 0.629426 506 218 517 225
Car 0.356242 514 218 526 225
Pedestrian 0.367338 545 216 550 223
Car 0.936061 332 228 348 236
Car 0.861903 414 229 424 238
Car 0.656571 427 227 436 236
Car 0.732501 446 232 454 241
Car 0.644450 464 232 472 241
Car 0.872767 486 228 495 237
Car 0.498792 504 229 515 237
Car 0.265371 558 231 566 239
Car 0.854780 312 243 332 253
Car 0.249499 413 241 424 251
Car 0.480095 422 240 430 250
Car 0.499858 461 236 469 246
Car 0.405522 506 238 521 247
Car 0.807655 512 238 533 247
Car 0.454484 530 242 545 252
Car 0.574362 555 237 566 246
Car 0.715087 408 249 419 261
Pedestrian 0.592641 464 248 471 257
Pedestrian 0.472873 488 250 495 262
Car 0.659488 506 247 521 257
Car 0.231694 565 257 583 268
Car 0.368956 302 272 314 284
Van 0.751056 384 271 400 285
Tricycle 0.414695 470 268 478 280
Van 0.233912 375 281 393 293
Pedestrian 0.856875 423 279 426 288
Car 0.820304 374 288 387 300
Car 0.900677 366 301 380 315
Pedestrian 0.232060 291 308 295 318
Car 0.697241 305 312 335 326
Car 0.360515 1 323 23 336
Van 0.200572 303 314 336 331
Car 0.901142 354 316 372 336
Car 0.795770 389 323 404 339
Car 0.761234 434 319 448 334
Car 0.754076 301 331 342 348
Car 0.644592 518 337 553 352
Motor 0.267577 592 344 598 356
Van 0.299236 486 341 502 370
Car 0.679999 518 351 554 368
Van 0.754827 311 350 345 392
Car 0.907644 513 362 549 378
Van 0.840383 288 386 319 425
Car 0.675225 552 399 573 428
Motor 0.202797 631 434 643 451
Tricycle 0.636855 121 449 157 475
Truck 0.394640 234 457 278 511
Pedestrian 0.945170 350 476 359 492
Car 0.939439 381 479 408 511
Car 0.443873 509 496 572 528
