Van 0.663962 33 585 636 746
Pedestrian 0.541881 124 45 139 66
Motor 0.458583 121 50 142 71
Car 0.762117 197 181 299 227
Car 0.481378 165 199 263 250
Car 0.459345 110 214 228 270
Car 0.633630 -3 228 33 288
Car 0.897466 89 250 198 304
Motor 0.281173 571 263 608 288
Tricycle 0.474965 368 267 405 313
Car 0.660242 108 276 216 336
Car 0.946487 527 287 590 348
Car 0.991266 594 287 654 354
Car 0.990390 676 282 737 350
Car 0.995528 745 279 802 350
Car 0.959445 818 274 891 345
Car 0.938586 887 276 968 345
Car 0.984685 1013 284 1082 354
Car 0.980938 1091 313 1163 386
