Pedestrian 0.245314 62 829 129 1012
Pedestrian 0.492013 1475 866 1566 1025
Pedestrian 0.656017 1386 903 1499 1045
Pedestrian 0.254877 296 940 374 1070
Pedestrian 0.289313 536 570 556 623
Pedestrian 0.675466 380 582 404 649
Pedestrian 0.674833 404 584 429 648
Pedestrian 0.232029 640 587 660 640
Pedestrian 0.577517 732 595 747 658
Pedestrian 0.564470 843 612 868 665
Pedestrian 0.554409 785 619 806 691
Pedestrian 0.428812 809 621 832 687
Pedestrian 0.326246 199 622 225 725
Pedestrian 0.798019 635 645 660 713
Pedestrian 0.635890 673 643 696 718
Pedestrian 0.646663 569 652 594 743
Pedestrian 0.667178 591 649 616 736
Pedestrian 0.289410 926 664 956 724
Pedestrian 0.734965 117 665 149 761
Pedestrian 0.633093 149 663 180 760
Pedestrian 0.451719 192 669 223 765
Pedestrian 0.281727 209 669 237 771
Pedestrian 0.452633 258 714 288 767
Pedestrian 0.675981 446 717 477 825
Pedestrian 0.767121 484 727 518 829
Pedestrian 0.903371 508 730 541 832
Pedestrian 0.902608 564 734 601 830
Pedestrian 0.673753 283 739 330 850
Pedestrian 0.507778 909 756 943 856
Pedestrian 0.813402 186 777 226 903
Pedestrian 0.895369 1127 779 1170 908
Pedestrian 0.548655 1175 793 1214 901
Pedestrian 0.796475 1300 778 1331 894
Pedestrian 0.556190 1327 773 1360 907
Pedestrian 0.333637 1415 790 1451 927
Pedestrian 0.601719 319 812 362 946
Pedestrian 0.556164 377 816 423 945
Pedestrian 0.703367 820 814 866 956
Pedestrian 0.508327 99 820 140 989
Pedestrian 0.623581 1318 842 1362 971
Pedestrian 0.246076 1394 839 1438 967
Pedestrian 0.433442 31 835 81 1014
Pedestrian 0.349492 1506 863 1559 1032
Pedestrian 0.901404 1101 888 1149 1039
Pedestrian 0.646541 1165 887 1216 1038
Pedestrian 0.585684 280 939 338 1071
Pedestrian 0.743646 358 930 414 1078
Pedestrian 0.229349 50 985 127 1081
Pedestrian 0.566772 120 1006 194 1079
