Motor 0.263573 713 625 793 711
Tricycle 0.335130 344 647 435 745
Motor 0.314315 1049 651 1131 738
Motor 0.222981 440 689 542 768
Pedestrian 0.412696 771 30 782 46
Pedestrian 0.411768 790 31 801 45
Pedestrian 0.363689 814 33 824 47
Pedestrian 0.585666 850 28 858 45
Pedestrian 0.411199 865 25 873 44
Pedestrian 0.282286 687 44 703 64
Tricycle 0.208206 893 41 917 59
Pedestrian 0.780806 820 56 834 73
Pedestrian 0.851438 721 77 733 102
Pedestrian 0.907048 735 79 746 104
Pedestrian 0.876439 709 117 723 157
Pedestrian 0.543182 443 144 467 171
Tricycle 0.216188 425 146 471 181
Pedestrian 0.919811 781 156 797 202
Pedestrian 0.894428 804 159 821 202
Pedestrian 0.734993 848 161 864 200
Pedestrian 0.834879 864 164 880 199
Pedestrian 0.864785 706 193 722 232
Pedestrian 0.770240 730 193 746 238
Pedestrian 0.883752 823 197 842 236
Pedestrian 0.588472 168 204 189 251
Motor 0.754394 339 213 399 250
Pedestrian 0.216676 702 208 719 244
Pedestrian 0.505834 921 200 943 243
Pedestrian 0.811491 136 221 155 255
Pedestrian 0.419373 660 226 678 268
Motor 0.547496 221 263 273 306
Motor 0.234834 247 266 293 309
Motor 0.472145 557 263 598 305
Pedestrian 0.474688 605 259 629 314
Motor 0.775252 271 274 323 317
Motor 0.315064 302 278 354 319
Motor 0.826138 324 280 381 323
Motor 0.631947 675 278 720 327
Motor 0.451898 358 290 406 332
Motor 0.565822 381 293 428 337
Motor 0.393062 403 296 450 340
Motor 0.673107 438 308 482 359
Pedestrian 0.308836 1280 320 1321 369
Motor 0.518498 597 349 652 402
Motor 0.450214 666 367 721 419
Motor 0.781666 503 370 546 432
Pedestrian 0.408008 731 379 774 434
Pedestrian 0.652245 931 377 961 440
Pedestrian 0.647674 1026 371 1051 440
Pedestrian 0.842252 1062 369 1088 440
Bike 0.647689 1143 376 1195 432
Motor 0.500240 720 385 781 449
Motor 0.484476 394 418 461 481
Motor 0.262374 803 420 855 479
Pedestrian 0.934205 1220 412 1258 487
Pedestrian 0.493313 1261 416 1305 499
Pedestrian 0.340180 1078 500 1113 573
Motor 0.380807 169 565 227 630
Motor 0.397348 491 557 541 641
Motor 0.293667 536 570 600 648
Motor 0.540997 221 594 284 657
Pedestrian 0.496625 1330 578 1354 672
Pedestrian 0.520255 1272 587 1314 687
Motor 0.290048 742 623 795 719
Pedestrian 0.472913 381 655 423 715
Pedestrian 0.563268 1065 650 1111 716
