Car 0.956745 80 191 249 266
Car 0.645466 966 187 1116 255
Car 0.860282 1060 238 1252 312
Pedestrian 0.440464 316 -1 327 11
Pedestrian 0.306977 349 0 361 12
Pedestrian 0.768956 682 -1 693 17
Car 0.323799 694 1 751 14
Pedestrian 0.245044 768 1 780 11
Pedestrian 0.217503 845 0 854 7
Pedestrian 0.337244 868 0 878 6
Car 0.429717 895 0 927 9
Car 0.896058 1192 -1 1221 10
Pedestrian 0.324578 5 6 18 33
Tricycle 0.243309 208 10 240 36
Bike 0.374000 256 15 281 37
Pedestrian 0.705692 368 11 388 32
Car 0.614423 559 8 635 41
Pedestrian 0.212682 688 8 706 33
Car 0.827362 1206 12 1239 42
Car 0.780514 26 24 121 62
Car 0.521232 1100 17 1140 46
Car 0.917815 119 35 215 77
Car 0.219378 203 30 255 63
Van 0.582525 431 26 493 79
Awning-tricycle 0.630864 602 34 655 76
Car 0.792756 1024 34 1073 73
Car 0.715057 1099 30 1146 73
Car 0.841750 250 38 313 79
Car 0.783899 310 39 379 79
Car 0.797137 380 47 444 90
Pedestrian 0.536684 1263 57 1280 82
Car 0.792935 706 57 806 98
Car 0.862561 1005 57 1063 108
Car 0.924120 1093 63 1147 109
Tricycle 0.618492 1257 65 1283 93
Car 0.911979 72 97 195 148
Pedestrian 0.423080 473 136 493 179
Pedestrian 0.527480 209 163 228 209
Pedestrian 0.717069 256 159 279 214
Pedestrian 0.259614 216 175 235 216
Pedestrian 0.675096 229 175 247 219
Pedestrian 0.766663 450 165 471 225
Pedestrian 0.353037 520 178 542 218
Motor 0.328793 516 191 545 229
Pedestrian 0.522894 432 195 452 258
Pedestrian 0.376581 976 255 1004 327
Pedestrian 0.762913 1137 266 1168 335
Pedestrian 0.722935 1194 285 1234 347
Car 0.658631 1 331 35 452
Pedestrian 0.572299 920 719 973 763
