Pedestrian 0.596251 525 773 589 947
Pedestrian 0.479074 348 828 428 980
Pedestrian 0.843206 815 805 881 995
Pedestrian 0.353125 865 795 928 996
Pedestrian 0.513815 1306 941 1391 1076
Car 0.239281 1069 536 1123 563
Car 0.282355 1094 537 1143 564
Car 0.258177 1144 541 1176 566
Pedestrian 0.236882 1109 557 1125 590
Pedestrian 0.264095 752 575 766 612
Pedestrian 0.515306 872 570 886 607
Pedestrian 0.391463 897 570 910 609
Pedestrian 0.584804 936 572 949 618
Pedestrian 0.534018 1332 565 1351 620
Pedestrian 0.351611 713 590 731 637
Pedestrian 0.769313 744 590 762 638
Pedestrian 0.711272 793 585 810 636
Pedestrian 0.959960 826 587 842 642
Pedestrian 0.353197 929 582 944 629
Pedestrian 0.341352 962 587 978 637
Pedestrian 0.897878 1043 586 1062 642
Pedestrian 0.230641 1116 589 1139 635
Pedestrian 0.785681 1155 589 1174 645
Pedestrian 0.891551 1187 587 1205 641
Pedestrian 0.586939 1222 586 1241 638
Pedestrian 0.839710 1298 581 1317 639
Pedestrian 0.659728 702 603 724 669
Pedestrian 0.438429 978 599 997 662
Pedestrian 0.606468 1238 600 1260 651
Pedestrian 0.225351 1250 603 1272 651
Pedestrian 0.445349 1379 602 1400 663
Pedestrian 0.709265 648 625 670 687
Pedestrian 0.840636 669 619 691 686
Pedestrian 0.337915 916 621 935 689
Pedestrian 0.912047 889 636 909 704
Pedestrian 0.841939 1306 633 1333 700
Pedestrian 0.636982 992 650 1024 724
Pedestrian 0.566234 1043 659 1071 739
Pedestrian 0.835842 1072 648 1099 743
Pedestrian 0.512144 1359 643 1387 750
Pedestrian 0.500684 1096 655 1124 771
Pedestrian 0.637392 520 686 562 799
Pedestrian 0.923038 714 685 747 782
Pedestrian 0.815846 1397 678 1430 792
Pedestrian 0.686341 1446 689 1483 833
Pedestrian 0.590058 289 727 338 826
Pedestrian 0.918214 1046 742 1086 856
Pedestrian 0.931796 1113 737 1164 867
Pedestrian 0.405294 0 817 53 905
Pedestrian 0.631069 483 781 536 939
Pedestrian 0.367952 570 769 616 952
Pedestrian 0.378808 117 823 206 932
Pedestrian 0.505523 1402 795 1454 972
Pedestrian 0.656648 795 815 854 985
