Bus 0.396713 1060 316 1130 429
Car 0.506654 921 669 1028 749
Car 0.620003 1078 1 1091 10
Car 0.254482 1106 6 1119 15
Car 0.201294 1229 2 1249 11
Car 0.417724 629 18 652 31
Car 0.209884 735 21 762 33
Car 0.395823 1076 17 1090 29
Car 0.480656 1106 13 1121 25
Car 0.372492 477 28 505 41
Car 0.735935 491 28 520 41
Car 0.524182 574 26 600 38
Car 0.446125 600 26 625 38
Car 0.256174 680 29 705 43
Car 0.357253 707 32 733 45
Car 0.333057 784 33 814 46
Car 0.263986 856 29 876 42
Car 0.566915 1081 32 1096 47
Truck 0.305437 1132 25 1151 45
Car 0.680531 1124 48 1141 62
Car 0.575527 1100 57 1116 71
Car 0.460239 1131 59 1147 74
Car 0.392217 1158 55 1176 73
Pedestrian 0.467376 527 75 533 92
Car 0.398318 858 76 878 93
Car 0.636451 1094 74 1112 90
Car 0.524398 1129 68 1145 85
Car 0.368989 1157 79 1178 95
Car 0.459368 1171 76 1188 92
Pedestrian 0.206148 531 84 537 99
Car 0.294884 596 90 616 112
Car 0.248441 1094 89 1114 110
Car 0.356550 1132 87 1150 105
Pedestrian 0.226581 1265 91 1272 105
Pedestrian 0.250562 538 100 543 114
Pedestrian 0.261314 557 102 562 116
Car 0.326016 686 94 703 114
Car 0.343831 712 95 730 114
Car 0.391947 732 97 749 116
Car 0.228254 752 99 773 118
Car 0.483998 842 99 865 117
Van 0.259928 1163 100 1184 121
Truck 0.235071 1276 95 1358 133
Pedestrian 0.253401 507 121 512 136
Car 0.412377 597 114 616 134
Car 0.413207 653 118 673 136
Car 0.375320 685 118 704 137
Car 0.215815 702 118 719 138
Car 0.557508 830 120 851 139
Car 0.408988 1100 114 1118 133
Car 0.276312 1139 114 1158 133
Pedestrian 0.302005 506 128 511 142
Pedestrian 0.215112 526 132 532 146
Car 0.305605 549 125 568 145
Car 0.399221 574 125 591 146
Car 0.417881 603 128 622 150
Car 0.298124 627 127 646 150
Car 0.483051 655 133 676 153
Car 0.412932 686 131 707 152
Car 0.612124 1181 134 1205 153
Pedestrian 0.349764 1292 130 1300 147
Car 0.357552 1108 147 1129 169
Car 0.351781 1148 140 1171 160
Car 0.311707 1181 143 1202 164
Car 0.334041 548 157 570 178
Car 0.247567 578 161 596 183
Car 0.434729 599 161 621 182
Car 0.474251 628 163 649 185
Car 0.391876 649 161 669 183
Car 0.476489 803 152 824 173
Car 0.341314 1182 155 1202 175
Car 0.358024 506 175 528 196
Car 0.354232 530 174 551 196
Car 0.331999 549 174 572 198
Car 0.294651 575 174 597 198
Car 0.306939 677 166 703 190
Car 0.499318 1113 170 1140 193
Car 0.445335 1204 169 1222 193
Pedestrian 0.279793 428 193 434 209
Car 0.327616 612 180 634 206
Car 0.297618 649 180 673 206
Car 0.228955 683 189 711 217
Car 0.555183 774 180 799 205
Bus 0.516288 1148 161 1196 226
Car 0.296454 1203 189 1225 215
Car 0.501996 1126 198 1148 224
Car 0.440642 473 214 500 238
Car 0.485248 500 218 525 241
Car 0.432435 525 217 552 242
Car 0.335763 555 220 582 246
Car 0.613354 744 220 775 248
Car 0.397534 1164 220 1194 246
Car 0.515980 1202 213 1229 240
Car 0.260241 448 232 479 262
Car 0.283139 591 224 619 252
Car 0.210360 624 222 652 251
Car 0.234117 646 227 678 254
Car 0.494832 1121 222 1147 249
Car 0.358347 478 239 510 269
Car 0.416456 514 242 545 274
Car 0.421995 550 244 581 277
Car 0.481317 1104 244 1129 275
Pedestrian 0.213026 347 268 355 285
Pedestrian 0.496243 367 265 376 281
Car 0.444386 1169 253 1196 280
Pedestrian 0.480892 348 276 356 293
Car 0.436850 715 268 746 297
Car 0.232950 1069 265 1096 297
Pedestrian 0.609259 343 288 352 306
Car 0.264536 405 284 439 321
Car 0.451126 436 290 475 324
Car 0.548169 1137 288 1173 323
Car 0.336637 1176 281 1206 314
Car 0.465400 470 293 507 326
Car 0.486372 500 298 536 330
Car 0.377911 542 303 576 336
Car 0.585097 365 326 412 363
Car 0.599202 407 328 448 368
Car 0.625584 440 329 484 372
Car 0.499919 666 326 711 367
Car 0.538611 1122 321 1156 358
Car 0.262858 1184 319 1217 358
Car 0.427053 514 337 556 380
Car 0.610828 1192 364 1234 405
Pedestrian 0.634864 1266 381 1277 401
Car 0.635918 632 379 678 421
Car 0.667755 1295 387 1344 430
Car 0.521961 284 413 337 460
Car 0.711250 555 403 608 452
Car 0.675857 1130 410 1173 465
Car 0.531279 1202 410 1244 457
Car 0.611412 330 417 377 467
Car 0.616015 373 415 424 468
Car 0.460766 420 422 471 470
Car 0.320637 1062 419 1102 470
Pedestrian 0.412238 560 467 575 492
Car 0.675641 600 451 645 507
Car 0.528139 1235 471 1295 525
Car 0.588243 1112 485 1157 540
Car 0.667189 525 491 567 556
Car 0.463537 1341 497 1359 570
Car 0.634976 439 517 497 574
Car 0.717741 653 546 762 606
Car 0.554219 1261 550 1321 617
Car 0.704265 375 573 480 618
Car 0.728918 848 595 953 653
Pedestrian 0.200279 396 622 411 654
Pedestrian 0.450324 389 631 407 672
Pedestrian 0.395477 1080 689 1094 716
Pedestrian 0.346169 1115 682 1131 713
Bike 0.342933 1077 696 1094 728
Car 0.453744 -2 704 25 759
Car 0.692215 1225 694 1288 762
Car 0.851622 3 717 87 764
Car 0.560064 48 730 149 765
Car 0.395985 134 742 205 763
