Truck 0.747767 1136 156 1324 220
Truck 0.844793 512 189 678 251
Truck 0.356336 1212 185 1359 260
Truck 0.504480 507 217 679 283
Truck 0.953725 497 243 675 313
Truck 0.989739 433 299 639 372
Truck 0.980698 395 364 628 450
Truck 0.953794 863 328 961 489
Truck 0.974027 953 305 1061 555
Truck 0.933183 321 434 570 518
Car 0.987543 455 612 612 684
Car 0.864782 449 667 608 741
Truck 0.307723 582 133 639 175
Truck 0.414596 684 121 720 174
Truck 0.466887 713 124 769 173
Truck 0.607760 839 126 903 174
Truck 0.865189 931 126 1020 177
Truck 0.720049 1071 134 1158 169
Truck 0.625971 1103 148 1218 190
Truck 0.345842 541 161 674 206
Truck 0.539600 1211 200 1326 253
Truck 0.539898 1263 228 1360 289
Car 0.933705 548 503 662 553
Car 0.973128 488 527 617 578
Car 0.932119 469 577 605 632
Car 0.745301 435 725 598 765
Truck 0.307101 1204 724 1377 763
