Awning-tricycle 0.301498 35 382 141 482
Tricycle 0.207252 103 533 282 622
Tricycle 0.448982 828 526 999 610
Pedestrian 0.387404 31 628 92 743
Pedestrian 0.289330 772 292 805 347
Pedestrian 0.734107 749 317 778 371
Pedestrian 0.693261 911 361 957 415
Motor 0.259397 151 388 205 449
Motor 0.397810 464 482 559 531
Pedestrian 0.333277 1296 476 1347 541
Pedestrian 0.934127 41 489 95 584
Pedestrian 0.317727 716 534 767 598
Pedestrian 0.244676 285 558 348 598
Pedestrian 0.611851 701 541 745 618
Pedestrian 0.309234 1309 541 1353 612
Pedestrian 0.367165 742 557 790 623
Pedestrian 0.360128 794 575 842 667
Pedestrian 0.561826 1156 602 1204 684
Pedestrian 0.784355 1212 672 1260 759
