Truck 0.437379 376 475 480 556
Van 0.522477 659 610 722 712
Truck 0.248743 294 710 489 766
Car 0.260607 969 106 982 116
Car 0.230648 925 118 942 129
Car 0.388190 899 135 916 148
Car 0.663986 922 135 941 147
Car 0.328885 941 137 953 150
Car 0.627691 965 128 981 143
Van 0.286217 11 143 47 159
Car 0.560572 893 150 912 163
Pedestrian 0.289517 947 144 953 154
Pedestrian 0.620411 973 151 979 162
Pedestrian 0.543554 13 166 20 178
Car 0.675517 866 164 890 178
Car 0.373470 885 158 904 172
Car 0.572561 936 166 953 182
Car 0.206325 1054 162 1070 178
Car 0.217447 1077 161 1093 176
Pedestrian 0.227243 33 181 41 195
Car 0.400431 838 179 875 193
Car 0.733954 857 175 884 190
Car 0.462103 934 173 951 189
Car 0.298867 1054 176 1067 191
Pedestrian 0.725581 35 188 42 203
Car 0.280757 812 195 846 210
Car 0.887983 833 189 867 205
Car 0.794641 924 191 942 211
Car 0.214898 1055 189 1070 206
Car 0.530227 810 205 842 222
Pedestrian 0.621653 846 206 855 222
Car 0.668307 1049 203 1069 220
Pedestrian 0.719135 67 218 74 235
Pedestrian 0.298571 80 218 87 233
Car 0.494711 813 220 839 238
Van 0.460315 794 232 817 256
Car 0.211768 815 231 834 250
Pedestrian 0.642067 845 235 854 251
Pedestrian 0.748337 867 236 875 251
Car 0.563448 959 233 988 254
Pedestrian 0.535826 80 253 89 269
Car 0.570995 747 241 785 260
Car 0.239033 950 246 977 268
Motor 0.290701 78 260 88 276
Pedestrian 0.570194 109 266 119 284
Pedestrian 0.327098 132 260 141 277
Car 0.515841 711 258 744 282
Pedestrian 0.590821 775 265 784 283
Van 0.427417 898 260 922 285
Car 0.478859 931 265 957 289
Car 0.636012 973 261 1019 281
Motor 0.291713 1032 265 1042 279
Motor 0.302351 106 273 119 289
Pedestrian 0.709805 140 279 149 299
Pedestrian 0.229480 161 275 172 292
Pedestrian 0.583125 764 276 774 293
Pedestrian 0.719334 887 278 896 294
Car 0.728654 961 278 1016 301
Pedestrian 0.335141 1072 278 1080 295
Pedestrian 0.402120 174 295 184 316
Pedestrian 0.287217 190 291 200 312
Van 0.527259 229 286 269 316
Pedestrian 0.212231 666 294 677 313
Pedestrian 0.216771 736 296 748 313
Pedestrian 0.545241 771 294 785 314
Pedestrian 0.230389 1042 296 1051 314
Pedestrian 0.296420 128 309 139 329
Pedestrian 0.264891 185 304 196 327
Pedestrian 0.239489 478 308 492 326
Pedestrian 0.390310 744 303 758 321
Pedestrian 0.246960 140 318 153 337
Pedestrian 0.675484 217 322 228 344
Motor 0.237458 248 320 266 336
Van 0.214178 347 312 412 350
Pedestrian 0.653570 575 320 586 340
Pedestrian 0.211523 686 325 696 345
Car 0.611793 753 316 788 350
Motor 0.659682 877 319 891 337
Car 0.564297 987 321 1047 350
Car 0.507958 169 319 219 358
Pedestrian 0.438037 690 335 705 357
Tricycle 0.208353 700 333 720 356
Pedestrian 0.530294 178 353 190 375
Pedestrian 0.213952 687 346 701 368
Car 0.649582 956 344 1038 375
Motor 0.204142 1081 354 1095 374
Pedestrian 0.728997 249 359 261 383
Pedestrian 0.458405 261 365 275 386
Car 0.561869 338 361 407 393
Car 0.742728 697 359 756 399
Pedestrian 0.275446 475 379 492 404
Car 0.506803 959 369 1043 403
Pedestrian 0.566640 158 392 169 417
Pedestrian 0.274574 253 399 266 419
Pedestrian 0.201687 524 388 537 414
Pedestrian 0.218490 655 393 667 419
Motor 0.464396 255 403 271 426
Car 0.312990 698 390 744 437
Van 0.594736 908 399 959 445
Pedestrian 0.599384 730 422 742 447
Pedestrian 0.271438 211 437 230 463
Pedestrian 0.533561 250 437 266 461
Car 0.483991 803 424 840 473
Bike 0.218986 1099 432 1124 454
Pedestrian 0.528481 304 446 317 476
Pedestrian 0.581565 318 453 332 479
Pedestrian 0.205353 349 446 365 475
Car 0.573721 979 444 1067 484
Car 0.638195 71 454 182 495
Pedestrian 0.410254 314 461 335 488
Pedestrian 0.758584 250 508 266 540
Tricycle 0.296110 195 518 253 554
Van 0.612878 950 509 997 567
Car 0.561533 707 523 750 587
Car 0.755095 210 541 315 599
Car 0.648445 77 557 192 609
Motor 0.225896 1036 586 1069 614
Pedestrian 0.837960 1154 581 1172 615
Car 0.533542 934 573 986 645
Pedestrian 0.298751 499 607 513 641
Motor 0.488624 1229 614 1254 644
Awning-tricycle 0.475616 156 610 220 687
Pedestrian 0.348285 615 635 630 668
Tricycle 0.742198 616 627 656 684
Pedestrian 0.722266 824 651 838 687
Pedestrian 0.685305 562 683 582 718
Motor 0.328841 565 695 588 728
Pedestrian 0.599902 381 712 398 740
Pedestrian 0.232146 390 711 409 739
Van 0.568546 941 701 1006 760
Car 0.655696 758 719 816 763
Tricycle 0.261080 1093 713 1148 762
