Car 0.994040 367 38 422 146
Car 0.941830 910 169 985 259
Car 0.957275 228 306 290 405
Car 0.887486 1126 389 1198 480
Car 0.977584 386 564 442 675
Bike 0.633097 224 3 258 21
Car 0.587100 538 0 600 8
Pedestrian 0.311399 160 58 190 75
Car 0.979899 998 226 1099 293
Car 0.993079 460 243 569 293
Car 0.995049 603 230 647 334
Pedestrian 0.510901 971 273 991 299
Car 0.995209 449 330 560 380
Pedestrian 0.614772 909 387 928 402
Car 0.982379 794 454 843 561
Pedestrian 0.380517 918 498 937 523
Car 0.773428 1035 501 1087 579
Pedestrian 0.400816 1153 688 1171 705
Pedestrian 0.223919 1156 701 1174 719
Truck 0.620076 393 726 578 765
Car 0.564843 954 724 1014 763
