Car 0.995480 554 376 641 449
Car 0.749199 1215 397 1350 473
Car 0.674484 1154 416 1290 488
Car 0.999278 647 449 747 533
Car 0.992434 755 542 886 643
Car 0.961660 893 652 1068 764
Car 0.289605 306 1 345 13
Bus 0.276245 111 1 169 48
Pedestrian 0.631960 162 39 173 58
Car 0.852862 169 54 199 80
Car 0.800805 232 89 281 126
Pedestrian 0.893963 221 115 235 137
Car 0.376393 522 126 579 161
Car 0.933788 300 134 354 177
Motor 0.367278 629 157 646 179
Pedestrian 0.331378 214 166 227 195
Motor 0.413320 636 182 663 202
Pedestrian 0.628798 262 195 274 226
Pedestrian 0.206985 289 191 302 223
Car 0.868719 526 191 597 244
Motor 0.261093 672 198 704 221
Car 0.987602 423 240 491 300
Car 0.577773 1301 382 1358 452
