Pedestrian 0.226650 1640 724 1707 897
Pedestrian 0.261523 731 767 799 924
Pedestrian 0.789085 215 851 292 1011
Pedestrian 0.612250 969 831 1039 1026
Pedestrian 0.510185 579 895 657 1080
Pedestrian 0.915301 1695 874 1770 1070
Pedestrian 0.793959 388 930 490 1075
Pedestrian 0.671776 525 930 622 1081
Car 0.208119 852 593 882 630
Pedestrian 0.242767 1117 593 1136 633
Pedestrian 0.668899 750 610 772 670
Pedestrian 0.723857 777 607 798 666
Pedestrian 0.853084 817 609 837 663
Pedestrian 0.848247 865 611 884 654
Pedestrian 0.778056 1048 605 1066 663
Pedestrian 0.464051 1079 602 1096 654
Pedestrian 0.478710 1190 607 1209 662
Pedestrian 0.293407 1294 609 1318 652
Pedestrian 0.666854 705 622 727 678
Pedestrian 0.647384 1038 626 1060 682
Pedestrian 0.748410 1192 627 1215 677
Pedestrian 0.355440 339 642 365 705
Pedestrian 0.252607 374 641 400 699
Pedestrian 0.307129 633 642 660 705
Pedestrian 0.441436 213 651 249 726
Pedestrian 0.217569 260 663 285 727
Pedestrian 0.457300 296 653 326 736
Pedestrian 0.584125 450 659 482 739
Pedestrian 0.300110 669 665 699 720
Pedestrian 0.231002 695 656 721 721
Pedestrian 0.377098 1119 670 1148 730
Pedestrian 0.722845 1193 649 1221 737
Pedestrian 0.741244 1211 646 1237 739
Pedestrian 0.334812 1378 651 1408 739
Pedestrian 0.280669 1392 650 1423 748
Pedestrian 0.658312 267 673 299 753
Pedestrian 0.554698 483 691 510 748
Pedestrian 0.739431 519 666 554 749
Pedestrian 0.486540 85 685 120 783
Pedestrian 0.818220 327 691 359 789
Pedestrian 0.302983 598 675 630 795
Pedestrian 0.644625 1445 679 1474 790
Pedestrian 0.886076 366 706 396 800
Pedestrian 0.813489 1341 707 1377 811
Pedestrian 0.333783 1359 710 1398 808
Pedestrian 0.476228 40 719 87 830
Pedestrian 0.635411 186 715 234 843
Pedestrian 0.779350 1390 721 1427 832
Pedestrian 0.638434 1480 721 1511 826
Pedestrian 0.827651 1509 730 1547 826
Pedestrian 0.548517 1545 727 1584 827
Pedestrian 0.474183 1628 738 1671 868
Pedestrian 0.545752 1653 736 1701 872
Bike 0.683793 1359 763 1408 873
Pedestrian 0.666692 723 754 775 919
Pedestrian 0.605135 769 764 819 915
Pedestrian 0.923850 835 776 885 907
Pedestrian 0.764678 1148 770 1199 909
Pedestrian 0.790221 1210 779 1266 911
Pedestrian 0.628362 1089 783 1137 924
Pedestrian 0.720755 31 804 94 954
Pedestrian 0.402109 108 828 158 978
Pedestrian 0.307227 991 822 1039 987
Pedestrian 0.206123 613 906 668 1068
