Car 0.963814 1164 190 1317 257
Car 0.834617 452 218 644 303
Car 0.945694 3 260 125 349
Car 0.886620 960 247 1119 342
Van 0.853522 211 317 424 439
Car 0.930029 1046 332 1285 444
Car 0.981709 662 380 884 487
Pedestrian 0.437653 4 0 19 12
Car 0.886013 40 0 87 10
Car 0.535006 535 0 568 20
Car 0.479545 600 0 636 7
Car 0.729245 626 0 671 20
Motor 0.220968 688 0 701 12
Motor 0.261862 716 2 729 17
Pedestrian 0.531913 730 -1 741 13
Car 0.707014 281 2 323 36
Motor 0.270327 713 8 728 29
Motor 0.209450 757 10 781 31
Pedestrian 0.942758 36 23 51 49
Car 0.860843 206 20 257 63
Car 0.735000 698 20 754 57
Motor 0.298476 811 28 838 50
Car 0.557460 711 30 790 66
Bike 0.372485 946 37 964 62
Motor 0.319714 987 44 1006 67
Motor 0.525140 1040 46 1065 66
Motor 0.258192 1176 40 1208 63
Car 0.780670 287 43 334 92
Car 0.908396 752 44 832 83
Car 0.884934 195 49 256 103
Pedestrian 0.812496 341 68 356 100
Car 0.799210 819 57 897 97
Pedestrian 0.301833 1070 71 1088 97
Car 0.801108 1055 57 1157 93
Car 0.839100 855 68 939 110
Car 0.834349 955 72 1017 119
Car 0.890350 1172 80 1295 122
Car 0.970162 1059 87 1169 128
Pedestrian 0.660514 90 186 131 235
Motor 0.630989 72 208 158 245
Pedestrian 0.618542 1141 301 1182 354
