Truck 0.299869 946 233 1314 433
Truck 0.706532 330 -5 532 71
Truck 0.829561 876 -4 990 75
Car 0.891497 519 221 662 289
Truck 0.521815 1115 157 1335 348
Car 0.748580 553 309 678 384
Car 0.702783 609 626 780 768
Tricycle 0.259844 1183 645 1353 742
Truck 0.777188 780 1 878 37
Pedestrian 0.712648 832 50 853 75
Car 0.944027 533 61 636 106
Car 0.951077 496 81 611 127
Car 0.951776 497 117 615 168
Pedestrian 0.869763 842 127 859 172
Car 0.962641 505 143 633 201
Car 0.922798 511 187 645 246
Car 0.805245 555 267 679 328
Car 0.409905 557 703 672 764
Car 0.311256 146 719 293 762
Car 0.299213 392 726 530 763
