Truck 0.622558 802 172 1024 279
Truck 0.938856 21 277 180 464
Truck 0.282695 747 45 803 62
Truck 0.221887 871 49 893 63
Truck 0.254589 753 54 793 67
Truck 0.399326 776 58 822 71
Truck 0.431347 807 59 840 72
Truck 0.489311 838 60 857 72
Truck 0.620409 870 58 885 69
Truck 0.271885 953 53 1054 79
Car 0.629327 688 77 712 89
Car 0.715733 702 77 725 88
Truck 0.348408 839 76 855 89
Pedestrian 0.438555 873 76 879 83
Truck 0.612415 899 72 914 86
Truck 0.265953 908 72 929 90
Car 0.244363 760 86 783 102
Others 0.411937 814 87 832 102
Truck 0.325878 839 83 855 99
Car 0.875303 558 101 577 116
Car 0.297527 583 100 603 113
Car 0.288311 593 98 616 111
Others 0.315153 759 99 784 124
Others 0.580170 782 98 806 117
Pedestrian 0.242353 860 100 868 109
Van 0.560853 42 117 84 139
Van 0.446723 100 113 145 137
Van 0.209769 473 117 503 137
Van 0.864183 485 112 520 135
Van 0.335220 578 115 603 134
Others 0.202745 725 105 775 145
Others 0.427726 752 108 780 134
Truck 0.595497 898 109 1018 148
Car 0.644071 93 130 140 151
Van 0.254977 279 125 313 147
Others 0.496369 709 121 749 162
Pedestrian 0.792566 870 129 877 142
Car 0.374705 245 137 286 162
Car 0.467515 286 143 329 166
Van 0.917009 347 134 373 164
Truck 0.464625 420 135 501 177
Others 0.354413 582 133 642 173
Car 0.843478 863 141 885 159
Car 0.851044 162 159 215 183
Others 0.299150 490 147 538 193
Car 0.974489 723 159 759 182
Others 0.438223 491 172 527 195
Others 0.414428 960 163 1059 203
Others 0.474721 1087 181 1195 219
Bus 0.603640 567 187 665 235
Awning-tricycle 0.510691 707 192 736 221
Others 0.228674 1237 191 1340 232
Car 0.929314 1078 288 1137 324
Car 0.978096 1154 380 1229 437
