Van 0.783337 1135 666 1242 840
Pedestrian 0.285311 543 803 598 1004
Pedestrian 0.204231 1479 851 1550 1018
Pedestrian 0.222516 613 872 671 1080
Pedestrian 0.304326 1837 881 1910 1082
Pedestrian 0.502021 110 946 222 1076
Pedestrian 0.452500 228 950 343 1079
Pedestrian 0.622423 1622 924 1703 1082
Car 0.264375 1047 564 1060 584
Pedestrian 0.582957 781 589 800 644
Pedestrian 0.386859 813 590 832 643
Pedestrian 0.235011 965 591 977 638
Pedestrian 0.275061 998 589 1011 630
Pedestrian 0.291695 1153 591 1164 634
Pedestrian 0.422911 761 601 782 658
Pedestrian 0.517547 867 608 886 659
Pedestrian 0.434830 962 610 978 656
Car 0.426385 1090 605 1148 665
Pedestrian 0.720979 1189 601 1206 664
Pedestrian 0.258414 1302 606 1323 657
Motor 0.437739 864 628 886 677
Pedestrian 0.633931 1005 624 1024 678
Pedestrian 0.694271 1039 619 1058 676
Pedestrian 0.650454 1234 618 1253 683
Pedestrian 0.720997 1259 621 1280 682
Pedestrian 0.608694 1380 637 1404 706
Pedestrian 0.744020 1404 646 1431 708
Pedestrian 0.260002 660 657 700 735
Pedestrian 0.456669 999 668 1023 732
Pedestrian 0.342688 1271 654 1299 733
Pedestrian 0.415759 1287 651 1317 733
Pedestrian 0.296374 1442 666 1466 727
Pedestrian 0.820868 776 670 810 749
Pedestrian 0.618469 320 677 349 791
Pedestrian 0.846313 941 684 969 784
Pedestrian 0.721930 963 690 991 790
Pedestrian 0.648704 992 692 1024 787
Pedestrian 0.446135 1422 712 1447 769
Pedestrian 0.667681 1447 691 1479 772
Pedestrian 0.223849 302 692 335 817
Pedestrian 0.339015 1776 702 1814 815
Pedestrian 0.830676 179 721 219 838
Pedestrian 0.871977 366 709 402 838
Pedestrian 0.207187 1175 713 1220 838
Pedestrian 0.287794 11 739 49 866
Pedestrian 0.612606 26 735 71 873
Pedestrian 0.584717 249 734 286 865
Pedestrian 0.703111 638 748 672 859
Pedestrian 0.847362 679 738 713 867
Pedestrian 0.788611 879 743 925 864
Pedestrian 0.538660 1664 727 1703 864
Pedestrian 0.679307 1075 765 1121 888
Pedestrian 0.788835 106 768 146 911
Pedestrian 0.768850 187 774 231 915
Pedestrian 0.371905 222 770 259 913
Pedestrian 0.731578 258 775 293 909
Pedestrian 0.882858 287 773 327 910
Pedestrian 0.301486 500 784 545 900
Pedestrian 0.687617 142 794 186 926
Pedestrian 0.720924 439 793 486 915
Pedestrian 0.601160 576 791 624 941
Pedestrian 0.817370 1853 815 1895 955
Pedestrian 0.672586 510 837 556 1003
Pedestrian 0.687501 1447 849 1501 998
Pedestrian 0.515250 753 871 808 1021
Pedestrian 0.444124 865 852 915 1029
Pedestrian 0.683697 1541 858 1593 1024
Pedestrian 0.349418 811 891 857 1045
Pedestrian 0.274986 128 940 196 1074
Pedestrian 0.299918 1884 923 1913 1087
