Bus 0.696832 174 482 253 542
Car 0.320265 485 187 491 192
Car 0.329679 526 199 537 206
Car 0.667856 467 207 474 215
Car 0.433953 481 209 488 216
Car 0.501779 501 210 510 217
Car 0.344214 519 210 531 217
Car 0.289559 430 219 442 227
Car 0.799044 459 217 467 224
Car 0.740398 484 221 493 230
Car 0.725277 501 219 509 226
Car 0.534935 521 219 533 226
Car 0.321859 533 219 543 227
Pedestrian 0.241731 557 220 560 227
Car 0.432972 367 229 387 238
Car 0.261058 412 229 425 239
Car 0.610841 426 229 438 238
Pedestrian 0.354343 449 229 453 237
Car 0.923811 467 227 476 236
Car 0.820518 498 228 507 237
Car 0.570727 518 231 532 238
Pedestrian 0.243490 541 230 547 237
Car 0.584527 559 231 566 239
Car 0.875538 308 237 326 245
Car 0.327135 412 240 424 250
Car 0.470429 422 237 434 247
Car 0.894208 465 238 475 248
Pedestrian 0.595600 481 243 485 250
Car 0.619077 504 237 515 247
Car 0.820425 514 238 531 247
Pedestrian 0.480045 561 238 566 246
Car 0.206003 300 250 318 259
Van 0.444654 306 246 323 256
Car 0.624046 406 247 418 257
Car 0.314150 422 249 431 260
Motor 0.245461 480 245 484 252
Car 0.606230 516 248 535 258
Car 0.851860 289 257 311 267
Car 0.724850 325 257 342 268
Car 0.511598 396 256 407 267
Car 0.286912 413 257 422 267
Pedestrian 0.297009 427 258 432 267
Car 0.767295 438 258 450 272
Car 0.812232 493 257 506 269
Car 0.637696 406 271 419 283
Car 0.268128 473 267 483 281
Car 0.725332 513 268 539 279
Car 0.465076 534 270 553 281
Car 0.684315 576 265 589 280
Car 0.897247 269 276 293 287
Car 0.624490 391 277 407 291
Car 0.294501 403 280 416 293
Car 0.706963 512 277 536 289
Car 0.671596 542 278 558 293
Motor 0.203663 242 289 251 297
Car 0.293715 389 289 400 304
Car 0.778092 448 284 462 298
Car 0.236136 488 292 504 307
Van 0.664989 510 285 533 299
Pedestrian 0.385152 256 300 261 310
Car 0.866071 584 300 610 315
Car 0.746089 241 323 261 342
Van 0.755997 339 321 371 346
Car 0.785921 334 345 356 368
Pedestrian 0.395910 418 348 423 360
Car 0.215462 488 352 516 368
Pedestrian 0.746420 341 362 347 377
Car 0.713648 381 352 399 377
Car 0.658129 309 374 333 402
Car 0.551812 412 396 431 420
Van 0.464847 234 406 261 438
Car 0.616438 284 407 313 439
Van 0.372398 432 419 452 449
Van 0.671822 482 413 506 454
Car 0.874344 206 441 265 468
Car 0.354493 524 454 580 482
Motor 0.567127 642 470 655 492
Bus 0.702144 472 459 501 527
Car 0.602578 521 489 577 519
Car 0.576644 513 514 570 539
