Car 0.942076 0 523 117 648
Car 0.969339 119 523 249 645
Car 0.982007 238 549 424 648
Car 0.881012 927 539 1017 641
Car 0.885781 732 659 811 761
Car 0.923372 931 676 1104 766
Car 0.913208 492 0 514 9
Car 0.746595 745 1 764 19
Car 0.977856 624 13 643 34
Car 0.875037 709 15 731 38
Car 0.801460 441 29 468 55
Car 0.974655 603 24 624 46
Pedestrian 0.581974 738 34 747 49
Car 0.823058 611 44 638 71
Pedestrian 0.375959 742 38 750 53
Car 0.340228 488 55 527 80
Truck 0.352962 485 54 531 95
Pedestrian 0.790475 811 69 820 92
Van 0.882708 604 74 631 110
Car 0.764293 803 100 854 132
Car 0.286291 771 113 804 144
Car 0.967566 369 140 409 180
Car 0.677044 769 131 818 166
Car 0.970982 657 151 688 187
Pedestrian 0.756812 285 174 296 199
Pedestrian 0.413424 276 187 288 210
Pedestrian 0.515878 345 189 359 208
Car 0.988063 464 182 550 218
Car 0.983772 581 169 617 214
Pedestrian 0.783927 777 181 788 214
Car 0.435840 874 176 932 212
Car 0.957747 296 190 389 229
Car 0.232447 886 204 935 245
Car 0.956161 813 225 858 272
Car 0.960311 353 247 407 302
Car 0.995835 853 261 905 316
Car 0.829777 969 273 1038 324
Car 0.704971 320 313 375 381
Truck 0.353443 537 314 588 396
Pedestrian 0.976868 786 345 801 377
Motor 0.305275 787 354 803 384
Pedestrian 0.887670 741 375 757 405
Pedestrian 0.308971 923 370 940 410
Motor 0.526814 73 381 102 416
Pedestrian 0.929779 569 385 585 430
Car 0.806360 630 366 681 452
Tricycle 0.493637 735 375 767 423
Car 0.294708 950 478 1059 532
Pedestrian 0.408749 185 593 210 651
Pedestrian 0.885963 235 688 269 741
