Truck 0.986700 40 318 221 469
Van 0.920432 852 536 918 635
Truck 0.985319 1113 530 1324 733
Car 0.722923 449 632 527 761
Car 0.693049 589 2 605 15
Car 0.456878 595 0 612 8
Car 0.849380 656 0 672 10
Car 0.724588 758 2 771 13
Car 0.805208 819 3 839 15
Car 0.231335 846 3 860 13
Car 0.266173 863 1 878 10
Car 0.822361 764 14 779 29
Car 0.432737 873 8 897 25
Pedestrian 0.411932 377 27 384 39
Pedestrian 0.289418 397 28 405 40
Pedestrian 0.234404 477 29 490 45
Car 0.630261 919 29 941 47
Pedestrian 0.837466 591 49 598 63
Car 0.849186 675 40 694 57
Car 0.498515 780 40 799 62
Car 0.312672 866 36 900 56
Car 0.459348 418 57 461 76
Van 0.624186 557 57 580 78
Motor 0.298209 585 56 592 70
Pedestrian 0.787499 700 57 707 72
Pedestrian 0.719000 931 54 938 68
Pedestrian 0.395249 943 55 959 72
Van 0.847751 951 58 988 82
Car 0.248193 389 75 437 96
Car 0.641392 384 86 427 107
Car 0.275212 417 80 437 99
Car 0.753458 549 78 572 100
Pedestrian 0.241611 579 94 587 108
Van 0.881067 217 93 280 126
Car 0.916808 442 92 468 117
Motor 0.848803 577 99 587 114
Van 0.583898 825 99 850 125
Car 0.818978 933 98 976 121
Motor 0.628304 1038 97 1049 114
Car 0.732637 247 117 294 141
Car 0.939576 424 112 450 137
Car 0.791184 956 119 1014 142
Pedestrian 0.350541 404 133 412 155
Pedestrian 0.212979 446 124 453 145
Car 0.963325 518 125 549 153
Motor 0.200485 1084 126 1097 141
Pedestrian 0.380374 1138 124 1147 147
Pedestrian 0.352402 137 148 149 168
Car 0.928317 235 134 269 164
Car 0.889936 277 137 311 163
Pedestrian 0.771005 380 139 389 162
Pedestrian 0.920161 407 140 415 165
Car 0.903286 583 144 612 176
Pedestrian 0.579931 743 138 751 159
Car 0.877656 982 142 1024 174
Car 0.776718 1023 138 1060 168
Motor 0.520079 1103 141 1121 158
Tricycle 0.640300 150 156 194 176
Car 0.664057 514 149 540 176
Van 0.682629 1035 155 1079 194
Car 0.884085 263 162 301 192
Car 0.728182 498 165 525 195
Car 0.929656 738 174 773 203
Motor 0.240452 1166 172 1179 190
Motor 0.679097 1026 187 1050 206
Car 0.826454 493 189 526 224
Car 0.748716 1050 199 1132 236
Car 0.942883 1179 194 1238 228
Van 0.580703 561 204 599 256
Pedestrian 0.487681 1218 235 1231 256
Pedestrian 0.810286 1225 230 1238 254
Van 0.875257 648 235 692 291
Pedestrian 0.802380 1188 250 1200 271
Van 0.928406 731 292 773 349
Car 0.968882 530 352 584 421
Car 0.907336 630 400 688 472
Car 0.924131 794 446 853 515
Motor 0.340594 1001 686 1060 731
Pedestrian 0.760597 1210 711 1242 765
