Truck 0.360108 250 368 310 447
Truck 0.965317 376 325 428 480
Van 0.936823 694 434 757 493
Car 0.884385 216 466 273 526
Truck 0.249096 449 126 457 133
Car 0.524971 416 134 426 140
Car 0.372416 461 135 467 142
Car 0.527967 449 147 456 156
Car 0.207918 352 156 370 165
Pedestrian 0.473248 439 165 442 172
Pedestrian 0.271609 465 166 470 174
Pedestrian 0.506906 428 177 432 185
Pedestrian 0.398979 472 185 476 193
Car 0.895452 444 192 456 204
Car 0.927345 462 203 476 216
Car 0.968766 442 214 457 227
Car 0.461742 333 244 360 262
Pedestrian 0.675462 369 252 374 264
Motor 0.708087 371 255 377 266
Truck 0.976850 401 235 434 290
Car 0.981303 475 265 495 282
Pedestrian 0.623064 358 304 365 316
Car 0.209707 301 299 335 328
Motor 0.725877 359 307 367 322
Awning-tricycle 0.317166 329 325 348 349
Truck 0.923880 447 318 477 362
Motor 0.742980 687 327 698 344
Others 0.287909 324 325 352 371
Pedestrian 0.201990 294 347 303 367
Pedestrian 0.340559 301 370 310 388
Motor 0.235384 693 365 706 384
Pedestrian 0.810791 319 375 328 397
Car 0.898085 326 371 361 409
Pedestrian 0.915013 571 381 582 398
Motor 0.634701 571 386 583 405
Pedestrian 0.344520 189 399 200 422
Tricycle 0.232523 183 392 211 428
Truck 0.929736 519 468 557 523
