Car 0.679205 48 408 104 472
Car 0.942940 652 449 702 517
Car 0.493159 468 11 476 19
Car 0.418359 480 7 488 16
Car 0.481199 429 21 436 29
Car 0.676881 500 24 508 32
Pedestrian 0.374710 425 34 428 41
Car 0.376083 476 32 485 40
Car 0.792664 468 40 477 49
Pedestrian 0.365172 500 58 503 64
Pedestrian 0.813082 416 65 420 72
Car 0.920485 472 62 482 73
Motor 0.686366 499 61 502 67
Car 0.477208 507 76 515 86
Car 0.584977 551 73 564 86
Car 0.919809 472 78 483 92
Motor 0.764745 494 82 498 91
Car 0.563569 503 80 509 90
Car 0.833366 512 91 524 104
Motor 0.714626 383 103 388 113
Motor 0.622659 396 101 401 111
Pedestrian 0.940187 483 113 488 124
Pedestrian 0.763035 498 113 503 122
Car 0.248561 548 108 561 127
Pedestrian 0.780373 390 128 395 138
Car 0.819420 511 120 526 136
Car 0.232664 556 122 568 137
Motor 0.934521 390 133 396 145
Pedestrian 0.335857 591 141 597 154
Car 0.852540 312 148 334 171
Car 0.901672 453 156 472 176
Car 0.774397 592 156 611 177
Car 0.970088 389 172 411 196
Truck 0.367662 478 162 501 201
Motor 0.260778 260 196 273 213
Car 0.918696 600 186 623 210
Tricycle 0.270720 280 200 299 227
Pedestrian 0.911384 333 206 341 221
Car 0.520719 482 198 500 229
Pedestrian 0.301778 599 204 605 218
Motor 0.427976 612 207 624 219
Motor 0.612728 333 212 341 226
Car 0.748737 446 209 463 236
Car 0.960497 525 214 548 239
Car 0.268197 208 223 246 260
Motor 0.208527 579 232 589 248
Motor 0.452146 590 252 601 269
Awning-tricycle 0.704813 446 259 463 291
Pedestrian 0.922652 277 360 288 379
Motor 0.877987 277 366 289 390
Car 0.717794 98 365 142 415
Pedestrian 0.954169 496 379 505 398
Motor 0.577396 495 386 506 406
Pedestrian 0.933351 245 407 257 431
Motor 0.678987 244 417 258 442
Pedestrian 0.847227 555 440 566 461
Pedestrian 0.483113 71 509 86 535
Pedestrian 0.210747 71 530 86 539
