Car 0.913606 -1 119 112 194
Car 0.946066 -1 329 150 424
Tricycle 0.838833 1088 423 1228 503
Motor 0.467559 1047 623 1128 708
Pedestrian 0.287539 0 0 12 7
Pedestrian 0.370303 32 0 52 20
Motor 0.520753 32 4 60 29
Car 0.894939 89 0 196 33
Car 0.839536 472 -3 552 35
Motor 0.477672 542 6 573 32
Motor 0.633158 521 24 560 54
Bike 0.421177 593 26 621 55
Bike 0.206135 585 32 610 60
Car 0.833293 60 27 130 92
Car 0.948418 310 50 365 115
Car 0.961605 499 47 576 114
Motor 0.449371 588 62 631 91
Pedestrian 0.868491 711 79 728 114
Motor 0.452542 66 89 128 121
Awning-tricycle 0.721029 287 108 335 178
Car 0.936776 541 111 605 179
Pedestrian 0.895475 190 149 214 188
Motor 0.743097 192 166 220 201
Motor 0.345039 750 193 789 236
Pedestrian 0.574763 164 248 190 301
Motor 0.596939 164 259 195 312
Pedestrian 0.591866 -1 266 29 327
Motor 0.641913 1249 350 1288 404
Motor 0.500032 1271 351 1310 402
Pedestrian 0.861244 872 397 916 451
Motor 0.413932 1280 419 1323 481
Motor 0.254647 1293 429 1341 489
Pedestrian 0.727508 306 625 353 684
Pedestrian 0.426725 1063 626 1106 684
Motor 0.756584 301 632 364 706
Pedestrian 0.727103 1082 630 1135 705
