Truck 0.617028 -1 306 96 380
Car 0.906662 706 416 768 519
Car 0.975376 561 533 639 663
Car 0.524844 1278 618 1357 747
Car 0.984363 687 670 768 762
Car 0.978457 1068 652 1201 763
Car 0.822915 1211 681 1352 765
Car 0.688729 486 0 525 19
Car 0.844795 585 0 611 20
Car 0.763082 628 0 661 15
Pedestrian 0.817667 914 -1 924 11
Car 0.830999 657 4 696 38
Car 0.292495 731 -1 760 31
Pedestrian 0.928257 999 12 1010 36
Car 0.793537 733 51 767 86
Truck 0.269426 987 42 1044 94
Pedestrian 0.347702 780 84 790 103
Pedestrian 0.430236 929 88 940 110
Van 0.477425 1029 72 1089 115
Motor 0.313026 927 95 939 115
Truck 0.473809 679 100 713 156
Pedestrian 0.887821 1026 123 1037 154
Pedestrian 0.693477 1048 127 1060 153
Car 0.985887 173 130 233 179
Car 0.944458 309 125 365 180
Pedestrian 0.939949 937 143 951 166
Motor 0.223288 3 151 17 182
Car 0.864046 729 150 772 195
Motor 0.368838 936 152 952 173
Pedestrian 0.923273 795 173 807 198
Motor 0.699919 795 182 807 208
Car 0.924715 35 255 168 315
Pedestrian 0.929850 424 273 443 304
Car 0.941321 642 246 694 316
Motor 0.851645 422 283 443 318
Car 0.955314 718 286 770 356
Bike 0.322695 1262 341 1287 379
Car 0.952834 608 367 668 453
Pedestrian 0.200719 1337 412 1354 455
Pedestrian 0.792651 269 545 294 585
Motor 0.749794 266 555 300 604
Car 0.445338 529 744 636 763
