Car 0.981416 626 493 918 621
Car 0.965348 272 329 484 409
Car 0.937254 946 362 1150 473
Car 0.449982 696 0 706 8
Car 0.874648 735 4 749 16
Pedestrian 0.341916 768 5 774 14
Motor 0.443964 761 12 768 22
Car 0.787256 546 29 570 49
Pedestrian 0.367000 653 32 661 45
Car 0.821056 695 23 713 38
Car 0.588377 750 25 768 42
Car 0.730098 528 42 556 65
Car 0.352421 541 37 565 59
Car 0.431412 224 54 270 76
Car 0.218192 472 52 501 83
Car 0.626851 513 55 543 81
Pedestrian 0.866183 563 58 573 75
Car 0.330964 964 52 997 74
Car 0.563273 1032 58 1069 82
Pedestrian 0.370187 284 68 296 92
Pedestrian 0.434930 478 69 490 94
Car 0.896868 639 68 670 96
Pedestrian 0.251818 294 86 308 108
Car 0.488254 295 79 373 111
Pedestrian 0.822641 483 76 495 104
Car 0.905750 769 82 806 107
Van 0.617007 914 77 954 107
Car 0.842997 1010 80 1048 108
Bike 0.706782 1100 85 1118 104
Pedestrian 0.433419 348 96 364 122
Car 0.928873 590 87 640 121
Pedestrian 0.768116 929 100 939 127
Car 0.651193 937 90 965 120
Car 0.719330 1032 93 1084 126
Pedestrian 0.650201 580 116 593 141
Car 0.683833 634 110 675 144
Car 0.878201 694 110 731 140
Pedestrian 0.902466 981 113 996 145
Pedestrian 0.519776 1128 111 1141 134
Motor 0.324504 1173 117 1195 141
Car 0.794991 64 122 158 159
Pedestrian 0.366173 302 132 330 155
Motor 0.368055 581 124 596 147
Car 0.632738 1102 128 1178 162
Motor 0.271492 1207 128 1227 152
Van 0.269026 0 130 70 184
Awning-tricycle 0.774273 206 130 267 174
Tricycle 0.395231 634 132 664 167
Car 0.855899 700 129 744 170
Motor 0.259747 1252 142 1277 169
Car 0.423961 1 143 83 189
Pedestrian 0.437170 110 151 129 186
Pedestrian 0.501306 128 155 151 186
Car 0.751165 1128 142 1215 182
Motor 0.225754 1256 150 1293 175
Car 0.611674 -1 165 18 205
Motor 0.579543 121 164 159 195
Pedestrian 0.756623 791 159 807 196
Van 0.869976 818 153 873 205
Car 0.923510 1169 158 1258 200
Car 0.899661 1244 178 1331 219
Car 0.812807 1281 191 1358 237
Pedestrian 0.448858 175 203 195 249
