Pedestrian 0.601096 480 229 515 318
Pedestrian 0.356931 300 258 339 333
Pedestrian 0.689126 160 283 196 363
Pedestrian 0.787786 258 287 301 364
Motor 0.306952 1 0 10 13
Motor 0.712359 31 4 47 21
Pedestrian 0.473178 66 2 75 22
Pedestrian 0.724501 133 4 141 23
Pedestrian 0.669525 226 7 235 26
Pedestrian 0.489543 241 7 250 25
Pedestrian 0.367053 262 5 271 24
Pedestrian 0.843124 61 18 71 39
Pedestrian 0.709419 123 18 131 37
Pedestrian 0.898616 133 14 141 36
Pedestrian 0.768851 190 14 199 34
Pedestrian 0.714835 265 15 273 37
Pedestrian 0.740854 151 26 159 46
Pedestrian 0.953260 173 25 181 47
Pedestrian 0.762643 214 19 222 46
Pedestrian 0.883152 223 24 231 48
Pedestrian 0.904033 242 24 251 46
Pedestrian 0.601510 261 23 269 47
Pedestrian 0.891331 4 36 15 59
Pedestrian 0.600345 175 37 185 60
Pedestrian 0.652926 225 36 235 61
Pedestrian 0.896653 130 47 142 70
Pedestrian 0.956679 187 43 199 70
Pedestrian 0.737977 236 39 245 66
Motor 0.467741 129 52 144 75
Pedestrian 0.873838 60 74 77 106
Pedestrian 0.837201 171 84 188 109
Pedestrian 0.868586 246 96 265 139
Pedestrian 0.943252 271 94 287 137
Pedestrian 0.857047 211 105 232 145
Pedestrian 0.821797 205 158 231 205
Pedestrian 0.987973 271 150 297 211
Pedestrian 0.926953 73 162 103 225
Pedestrian 0.775630 456 235 483 317
Pedestrian 0.797295 491 236 517 309
Pedestrian 0.596003 290 253 317 321
Pedestrian 0.430896 323 258 347 318
