Truck 0.707831 596 272 709 352
Truck 0.987764 820 296 906 381
Truck 0.938953 528 325 679 396
Truck 0.539504 926 333 1091 401
Truck 0.958253 965 383 1158 457
Car 0.980144 984 587 1102 702
Tricycle 0.776598 570 658 722 728
Truck 0.653089 438 66 525 98
Truck 0.224318 544 64 641 97
Truck 0.515333 711 68 736 90
Truck 0.397895 757 70 786 87
Truck 0.360426 856 69 955 99
Truck 0.217744 1300 56 1357 105
Pedestrian 0.522457 66 94 75 105
Truck 0.433499 89 80 141 99
Truck 0.432400 288 86 320 103
Truck 0.634911 644 86 687 110
Truck 0.312237 678 85 709 108
Truck 0.573579 712 85 737 103
Truck 0.375029 726 83 753 108
Pedestrian 0.410073 770 88 783 107
Pedestrian 0.332137 783 88 794 106
Truck 0.320130 1175 81 1214 107
Truck 0.268053 1187 75 1245 112
Truck 0.254339 1208 73 1267 118
Truck 0.543272 171 102 208 122
Pedestrian 0.260082 774 97 780 113
Truck 0.214933 1034 90 1135 122
Truck 0.696036 1097 90 1176 120
Truck 0.859973 1295 85 1355 137
Truck 0.672296 1 110 83 141
Pedestrian 0.858919 214 115 221 133
Truck 0.819095 298 111 350 138
Truck 0.863245 902 105 970 143
Pedestrian 0.918016 120 126 128 143
Pedestrian 0.306578 176 132 183 149
Pedestrian 0.966890 187 133 195 150
Truck 0.966873 395 121 462 160
Truck 0.555831 687 124 749 157
Truck 0.551014 638 134 695 173
Truck 0.469987 813 133 847 167
Truck 0.270472 926 137 959 166
Pedestrian 0.531247 325 153 334 173
Truck 0.761194 512 152 551 198
Truck 0.303494 640 143 736 196
Truck 0.333614 700 147 744 195
Pedestrian 0.233260 743 156 750 181
Pedestrian 0.283234 766 158 774 182
Pedestrian 0.654904 788 156 795 179
Truck 0.616918 843 148 920 190
Pedestrian 0.349675 761 169 776 199
Truck 0.541944 750 158 791 203
Pedestrian 0.326043 894 173 905 201
Truck 0.749443 897 161 948 202
Pedestrian 0.207587 773 183 784 210
Truck 0.227258 1087 176 1153 220
Truck 0.611854 -1 190 38 237
Truck 0.870613 592 182 685 233
Truck 0.910580 1015 187 1152 244
Tricycle 0.249886 926 213 947 244
Truck 0.963952 1162 219 1230 265
Truck 0.839058 770 235 861 286
Truck 0.957188 318 243 445 297
Truck 0.608175 153 252 271 311
Truck 0.620000 593 270 696 326
Pedestrian 0.921991 800 282 812 314
Truck 0.344326 574 300 712 353
Pedestrian 0.810788 893 397 912 430
Pedestrian 0.788683 911 398 930 429
Pedestrian 0.462974 988 474 1006 520
Pedestrian 0.252979 549 600 569 642
Pedestrian 0.414162 589 596 617 648
Pedestrian 0.416378 518 615 545 671
Motor 0.369220 1093 692 1131 763
