Car 0.921533 640 591 773 744
Car 0.521274 972 1 985 10
Car 0.208457 994 5 1010 15
Car 0.210213 925 16 944 34
Car 0.636849 950 14 964 29
Car 0.702721 981 13 997 25
Car 0.274643 1001 14 1018 27
Car 0.240234 1013 16 1034 29
Car 0.530479 920 26 935 39
Car 0.259338 1017 28 1038 43
Car 0.266039 894 44 911 59
Truck 0.354790 962 45 995 65
Truck 0.276738 994 41 1021 62
Car 0.226210 1016 39 1037 55
Car 0.372079 866 54 893 70
Car 0.698725 891 56 913 73
Pedestrian 0.308425 977 61 986 74
Pedestrian 0.209866 1001 61 1010 74
Pedestrian 0.841477 877 74 884 91
Car 0.807628 892 67 914 85
Pedestrian 0.941174 978 73 986 89
Pedestrian 0.464762 1000 69 1009 84
Car 0.409019 1007 66 1043 85
Pedestrian 0.288842 790 90 799 107
Pedestrian 0.361122 850 89 858 105
Pedestrian 0.396966 851 99 861 117
Pedestrian 0.269437 859 104 869 123
Pedestrian 0.407273 988 103 1006 123
Pedestrian 0.230425 766 113 777 132
Van 0.632089 829 112 860 140
Pedestrian 0.892091 967 119 978 136
Motor 0.612652 966 125 977 142
Car 0.337089 1008 125 1053 149
Car 0.404090 1006 139 1058 163
Pedestrian 0.319126 657 158 667 185
Motor 0.574996 789 154 817 173
Car 0.663265 966 153 1004 185
Motor 0.203011 656 167 668 190
Pedestrian 0.446653 1156 174 1166 200
Pedestrian 0.277550 33 179 48 206
Car 0.763424 79 184 169 221
Van 0.502896 646 185 719 223
Car 0.261465 998 182 1035 211
Motor 0.420279 232 197 249 223
Pedestrian 0.758990 339 204 353 230
Motor 0.274805 426 199 447 222
Motor 0.224695 437 202 460 222
Motor 0.318508 581 205 596 230
Car 0.883082 737 190 788 233
Pedestrian 0.861161 786 205 799 229
Car 0.860669 831 193 876 236
Car 0.902632 623 210 709 244
Motor 0.831854 785 212 800 238
Van 0.790397 1012 216 1108 275
Car 0.886816 237 232 308 282
Car 0.923196 316 231 371 279
Car 0.915615 387 238 436 286
Car 0.775160 593 232 644 280
Car 0.874613 458 241 505 290
Pedestrian 0.788623 731 259 748 290
Car 0.756572 948 243 1024 290
Pedestrian 0.887142 65 270 85 301
Tricycle 0.491081 546 273 637 311
Pedestrian 0.429811 609 272 630 301
Pedestrian 0.883230 653 272 672 302
Bike 0.778179 731 271 746 299
Motor 0.446933 651 283 672 309
Car 0.653777 780 276 838 337
Car 0.765310 959 305 1041 361
Motor 0.295094 1058 329 1094 354
Car 0.898739 855 343 910 403
Pedestrian 0.503230 1175 360 1194 394
Pedestrian 0.649516 944 361 960 413
Pedestrian 0.723206 1184 366 1202 403
Car 0.661818 993 362 1054 434
Pedestrian 0.565215 1093 384 1112 419
Pedestrian 0.932983 362 482 390 538
Pedestrian 0.686285 957 500 984 540
Pedestrian 0.709006 250 509 282 563
Motor 0.505509 954 509 987 555
Motor 0.785800 246 526 291 575
Pedestrian 0.506553 204 569 242 623
Motor 0.240889 229 591 267 653
Pedestrian 0.923359 305 605 332 676
Pedestrian 0.639358 219 711 258 765
Pedestrian 0.317697 266 732 301 763
