Car 0.466878 1119 472 1204 552
Car 0.983860 723 509 794 595
Van 0.983729 917 553 1014 662
Car 0.442383 718 92 723 97
Car 0.302491 736 94 742 99
Car 0.383203 642 109 655 118
Car 0.445647 689 108 697 115
Car 0.328983 738 108 745 114
Car 0.212873 792 108 805 115
Car 0.221396 426 124 449 133
Car 0.236189 442 124 460 133
Car 0.372744 497 124 519 134
Pedestrian 0.304843 671 120 675 127
Car 0.774917 690 119 699 127
Car 0.708717 710 118 719 126
Car 0.511293 734 115 742 122
Car 0.637863 762 119 775 127
Car 0.521378 814 122 830 132
Car 0.457289 446 130 468 141
Car 0.533319 495 132 515 143
Car 0.469209 716 136 726 145
Motor 0.243480 671 144 676 154
Car 0.892763 718 150 731 161
Car 0.819822 742 148 756 160
Car 0.603256 888 144 917 157
Car 0.732029 679 161 693 177
Car 0.329727 718 156 734 168
Truck 0.616883 621 164 646 196
Car 0.739155 718 180 735 196
Car 0.952650 743 184 766 200
Pedestrian 0.393052 773 193 783 207
Pedestrian 0.269729 781 193 792 209
Car 0.668172 587 221 616 246
Car 0.887094 791 236 818 259
Car 0.984454 642 266 674 296
Van 0.583481 790 278 824 325
Pedestrian 0.789810 995 332 1012 354
Pedestrian 0.279443 479 349 493 378
Car 0.986131 592 330 642 386
Car 0.939261 926 341 983 386
Pedestrian 0.435331 484 356 497 388
Car 0.936419 1151 357 1227 404
Car 0.990588 713 397 762 449
Car 0.729317 1253 425 1355 478
Car 0.918651 1270 456 1361 508
Car 0.923114 1293 490 1359 555
Pedestrian 0.909517 288 578 312 644
Car 0.696130 684 746 801 764
