Truck 0.636291 466 477 565 553
Car 0.911865 512 605 577 696
Van 0.929410 418 643 497 742
Car 0.889147 824 676 888 766
Car 0.589616 734 104 747 115
Car 0.502889 765 107 779 120
Pedestrian 0.246276 790 108 796 118
Pedestrian 0.213906 866 106 871 116
Car 0.352820 718 118 733 131
Car 0.563117 731 120 745 132
Car 0.666978 760 115 773 128
Pedestrian 0.329609 793 117 800 127
Car 0.445448 818 119 832 132
Car 0.322839 840 120 857 134
Pedestrian 0.229883 871 121 878 132
Car 0.462210 713 133 728 147
Car 0.600580 732 132 746 145
Car 0.830096 766 135 780 149
Car 0.282084 801 136 813 150
Car 0.503822 807 131 822 144
Car 0.235204 844 131 863 145
Van 0.339622 890 134 907 151
Car 0.332351 709 145 724 159
Car 0.710176 741 146 756 160
Car 0.280286 801 141 812 154
Van 0.280878 681 160 704 177
Car 0.667859 714 159 732 174
Pedestrian 0.458049 901 161 907 174
Car 0.282378 677 176 704 193
Car 0.253901 708 172 724 188
Car 0.246749 741 177 754 193
Pedestrian 0.782126 766 176 776 189
Car 0.569164 785 174 801 191
Car 0.244876 803 179 826 196
Car 0.205096 868 175 890 194
Van 0.462040 1272 172 1312 193
Car 0.232071 658 192 687 209
Car 0.595954 678 189 700 205
Car 0.791221 731 184 749 202
Motor 0.498983 770 187 777 198
Pedestrian 0.242978 792 189 798 201
Car 0.319092 809 189 825 205
Car 0.340265 872 187 893 204
Pedestrian 0.521886 906 196 912 211
Car 0.454123 1302 186 1344 205
Car 0.270166 1325 192 1355 211
Pedestrian 0.505405 689 204 699 218
Car 0.798044 707 207 725 226
Car 0.911885 737 205 757 226
Pedestrian 0.881955 768 212 774 224
Car 0.446941 809 205 822 223
Pedestrian 0.721389 921 202 927 215
Car 0.260773 625 223 670 240
Car 0.727728 677 215 699 234
Motor 0.593627 769 216 776 229
Pedestrian 0.739091 899 216 905 232
Pedestrian 0.733897 691 239 700 253
Pedestrian 0.272715 639 251 650 266
Car 0.863103 653 245 688 264
Pedestrian 0.232865 948 246 955 264
Car 0.447244 706 255 732 282
Pedestrian 0.883424 773 267 781 286
Car 0.341520 787 259 808 284
Pedestrian 0.622411 943 265 950 286
Motor 0.294139 607 281 625 298
Car 0.782228 633 284 678 314
Car 0.234190 963 283 1004 312
Car 0.608819 763 301 792 332
Pedestrian 0.540820 947 303 957 325
Pedestrian 0.332583 965 304 976 327
Car 0.220368 961 293 1039 329
Pedestrian 0.847436 654 316 662 340
Car 0.849405 696 306 721 341
Van 0.488773 791 318 832 349
Motor 0.512561 571 334 599 353
Car 0.920886 613 323 648 355
Car 0.751495 798 348 846 375
Van 0.505111 928 341 967 383
Car 0.840509 552 359 633 391
Car 0.359904 552 374 628 403
Car 0.290823 808 372 854 410
Car 0.860960 542 387 620 419
Pedestrian 0.790893 757 398 769 419
Motor 0.596333 757 405 769 427
Car 0.953017 524 411 605 449
Car 0.456648 807 409 852 450
Car 0.900848 949 406 988 454
Van 0.942567 814 432 888 473
Car 0.785629 548 444 591 493
Car 0.433967 961 447 992 485
Pedestrian 0.457182 957 464 968 490
Car 0.973491 485 553 549 628
Pedestrian 0.723536 1030 576 1045 611
Pedestrian 0.277483 1043 571 1058 612
Car 0.906228 822 585 876 665
Pedestrian 0.292961 272 623 291 656
Car 0.831821 273 717 393 765
Tricycle 0.435381 469 717 512 763
