Van 0.950280 573 222 700 311
Car 0.923543 880 228 1024 306
Car 0.907033 0 269 109 355
Car 0.883126 290 296 383 403
Car 0.957084 608 321 774 423
Car 0.948227 911 367 1098 485
Car 0.851400 1296 596 1359 731
Car 0.205681 4 4 16 14
Car 0.229964 52 1 71 12
Car 0.251580 4 15 13 29
Car 0.662401 79 9 106 26
Car 0.633205 133 41 174 67
Pedestrian 0.965223 290 73 303 90
Pedestrian 0.333386 580 66 590 97
Car 0.359843 517 80 558 107
Motor 0.367673 610 84 628 103
Motor 0.444349 1137 83 1177 103
Car 0.810489 584 99 660 132
Tricycle 0.366730 729 94 765 122
Pedestrian 0.346237 788 98 806 121
Pedestrian 0.794301 1068 96 1081 128
Pedestrian 0.612627 466 104 479 134
Pedestrian 0.503598 1213 115 1230 142
Motor 0.683844 409 126 430 152
Car 0.953157 480 123 569 167
Car 0.973001 647 117 733 154
Car 0.954182 745 124 809 164
Car 0.719900 1217 113 1313 156
Car 0.717318 164 129 241 175
Car 0.956821 812 130 876 167
Van 0.457538 924 129 988 180
Car 0.537646 962 128 1065 174
Car 0.901835 873 143 935 187
Pedestrian 0.444512 1027 157 1047 185
Awning-tricycle 0.279623 1024 150 1075 192
Tricycle 0.612055 1102 149 1163 194
Car 0.206760 1343 150 1358 180
Van 0.492108 -2 157 29 213
Car 0.860667 341 153 429 206
Motor 0.824491 1203 166 1236 191
Pedestrian 0.874697 1256 203 1278 247
Car 0.796040 0 211 71 276
Pedestrian 0.286967 687 256 709 292
Pedestrian 0.676451 791 250 818 302
Motor 0.690212 783 262 825 307
Pedestrian 0.627384 122 278 149 331
Motor 0.741879 121 288 156 343
Motor 0.206730 0 339 13 381
Pedestrian 0.262718 5 522 35 579
Pedestrian 0.461540 9 527 59 600
Motor 0.251753 9 548 69 614
Motor 0.436541 0 590 45 657
Pedestrian 0.221517 0 695 19 766
Pedestrian 0.767539 200 717 246 762
