Car 0.775075 1382 781 1680 895
Pedestrian 0.552662 1564 918 1660 1061
Pedestrian 0.313705 972 571 984 611
Pedestrian 0.410058 1005 573 1018 610
Pedestrian 0.399390 1038 573 1051 609
Pedestrian 0.220120 1080 578 1093 612
Pedestrian 0.579286 902 594 916 637
Pedestrian 0.489364 946 589 959 635
Pedestrian 0.667159 963 588 977 637
Pedestrian 0.223138 1002 588 1017 626
Pedestrian 0.739808 1087 588 1103 633
Pedestrian 0.325172 1109 588 1125 632
Pedestrian 0.343284 862 611 876 659
Pedestrian 0.438742 977 608 992 657
Pedestrian 0.509195 992 611 1010 661
Pedestrian 0.593996 1045 615 1063 663
Pedestrian 0.744684 1078 611 1096 661
Pedestrian 0.313426 449 626 474 687
Pedestrian 0.408101 484 623 508 682
Pedestrian 0.379775 865 623 883 674
Pedestrian 0.621021 906 623 923 680
Pedestrian 0.533376 934 636 951 685
Pedestrian 0.222871 1069 620 1087 672
Pedestrian 0.704787 1120 631 1140 675
Pedestrian 0.649499 1159 625 1177 674
Pedestrian 0.303529 1270 628 1287 689
Pedestrian 0.271517 412 644 438 702
Pedestrian 0.206488 484 648 509 709
Pedestrian 0.370011 531 640 555 702
Pedestrian 0.286046 569 644 591 697
Pedestrian 0.334311 604 643 627 695
Pedestrian 0.323947 636 646 656 702
Pedestrian 0.213446 814 644 833 700
Pedestrian 0.767505 1117 648 1138 701
Pedestrian 0.336935 1232 643 1251 696
Pedestrian 0.691166 864 663 887 724
Pedestrian 0.232581 644 687 666 749
Pedestrian 0.278897 710 682 732 753
Pedestrian 0.388832 953 685 974 758
Pedestrian 0.551905 989 681 1015 763
Pedestrian 0.726229 1041 676 1067 758
Pedestrian 0.317149 1085 689 1107 754
Pedestrian 0.375101 1356 686 1379 757
Pedestrian 0.367531 815 705 840 765
Pedestrian 0.533450 1125 696 1147 768
Pedestrian 0.546522 1156 688 1181 774
Pedestrian 0.403185 533 707 561 795
Pedestrian 0.708977 552 708 582 796
Pedestrian 0.600930 114 753 151 851
Pedestrian 0.546628 149 748 186 856
Pedestrian 0.266478 284 751 316 849
Pedestrian 0.631766 487 745 519 839
Pedestrian 0.796370 696 742 728 849
Pedestrian 0.591475 1295 760 1331 844
Pedestrian 0.752829 1325 756 1356 843
Pedestrian 0.373172 1764 759 1807 843
Pedestrian 0.489585 259 765 300 867
Pedestrian 0.409119 338 757 373 880
Pedestrian 0.934766 1146 772 1177 867
Pedestrian 0.929902 1183 774 1217 872
Pedestrian 0.214256 1840 800 1885 872
Pedestrian 0.760990 538 832 582 930
Pedestrian 0.614835 954 870 998 1016
Pedestrian 0.924771 991 870 1043 1012
Pedestrian 0.444770 75 910 129 1023
Pedestrian 0.770754 291 889 331 1033
Pedestrian 0.288484 343 895 377 1035
Pedestrian 0.745689 403 901 445 1035
Pedestrian 0.555544 1109 920 1170 1050
