Bus 0.676311 1228 264 1379 440
Bus 0.860667 962 355 1050 441
Bus 0.652646 1201 415 1337 579
Car 0.954407 577 701 666 779
Pedestrian 0.229091 1054 -1 1065 9
Car 0.347640 448 160 505 205
Car 0.982481 1196 198 1248 249
Bus 0.274995 1304 182 1395 254
Van 0.340042 1364 306 1402 365
Pedestrian 0.653729 13 398 24 409
Car 0.997776 1042 378 1100 435
Pedestrian 0.224802 12 405 23 417
Pedestrian 0.238259 1385 408 1397 425
Pedestrian 0.221094 1353 428 1367 440
Car 0.997875 1136 428 1190 498
Car 0.999435 817 458 884 526
Pedestrian 0.456267 1330 572 1342 589
Pedestrian 0.567579 1344 571 1356 586
Car 0.208514 -3 778 74 786
