Bus 0.270411 733 -15 912 80
Car 0.937902 752 630 840 751
Van 0.740184 1186 767 1337 889
Car 0.860599 -5 793 137 912
Car 0.934925 947 887 1090 1029
Car 0.578159 -2 0 18 30
Car 0.443442 19 0 62 10
Car 0.360197 527 -1 589 16
Car 0.204606 1017 0 1099 8
Car 0.659380 46 -2 126 46
Pedestrian 0.623743 712 24 725 48
Pedestrian 0.758374 729 19 742 45
Car 0.579202 123 29 194 85
Pedestrian 0.216297 709 36 722 60
Pedestrian 0.378948 730 34 744 57
Car 0.393431 824 28 892 79
Car 0.310812 -2 49 28 103
Van 0.714643 44 32 134 105
Pedestrian 0.275301 707 56 727 86
Car 0.960986 870 39 933 91
Car 0.937759 915 51 978 107
Pedestrian 0.361338 447 73 465 97
Car 0.647223 184 73 259 130
Car 0.388161 42 94 122 153
Car 0.731561 156 110 236 167
Pedestrian 0.309170 549 129 567 148
Motor 0.429169 549 131 571 154
Pedestrian 0.625136 606 144 625 167
Motor 0.653204 551 163 571 187
Pedestrian 0.741702 686 203 701 223
Pedestrian 0.831198 751 202 766 223
Pedestrian 0.548303 843 199 868 220
Motor 0.256270 51 211 79 238
Car 0.667071 182 198 259 263
Pedestrian 0.728865 1011 227 1024 245
Motor 0.791517 136 237 160 268
Car 0.755799 307 220 387 287
Pedestrian 0.652812 698 240 715 266
Pedestrian 0.772781 892 248 914 267
Pedestrian 0.809323 1004 240 1019 263
Pedestrian 0.731964 1029 237 1042 257
Pedestrian 0.709310 784 269 800 288
Pedestrian 0.701999 852 264 875 288
Motor 0.743096 684 278 705 300
Motor 0.818725 748 281 769 304
Motor 0.550389 146 301 170 323
Motor 0.818580 884 306 905 328
Pedestrian 0.516419 1183 309 1197 327
Motor 0.808941 830 317 854 340
Pedestrian 0.213269 160 341 192 374
Pedestrian 0.523399 1198 342 1213 361
Pedestrian 0.456805 128 371 148 391
Pedestrian 0.717976 237 367 263 391
Car 0.764825 685 334 773 401
Pedestrian 0.724381 969 368 990 389
Motor 0.676099 128 373 154 401
Motor 0.691427 906 371 932 398
Pedestrian 0.795507 1216 379 1234 402
Motor 0.806431 328 395 355 425
Motor 0.499376 114 420 141 446
Motor 0.615175 281 413 307 442
Pedestrian 0.814856 1189 416 1210 442
Pedestrian 0.249962 1259 428 1277 450
Pedestrian 0.201094 196 450 224 471
Pedestrian 0.508198 1249 436 1272 459
Pedestrian 0.256760 1247 459 1267 479
Pedestrian 0.450647 1273 455 1295 480
Pedestrian 0.871908 159 481 183 503
Pedestrian 0.722857 55 510 82 531
Pedestrian 0.219849 71 513 97 533
Pedestrian 0.627550 382 509 407 534
Pedestrian 0.673045 466 507 489 534
Car 0.951486 836 481 946 564
Tricycle 0.454290 259 509 322 567
Motor 0.645074 383 511 413 543
Pedestrian 0.608519 181 550 203 575
Pedestrian 0.892051 50 558 81 578
Pedestrian 0.783987 1131 558 1162 582
Motor 0.886811 462 591 491 624
Pedestrian 0.273680 197 655 221 673
Pedestrian 0.328556 1378 637 1400 668
Pedestrian 0.535092 208 666 237 689
Pedestrian 0.920917 322 661 356 685
Car 0.925935 1014 634 1107 722
Pedestrian 0.458956 223 678 250 701
Pedestrian 0.256832 232 687 256 710
Motor 0.841536 570 702 598 732
Pedestrian 0.732051 311 748 338 769
Car 0.772678 -1 754 69 849
Tricycle 0.531282 205 866 270 921
Pedestrian 0.838774 272 902 310 935
Motor 0.232369 267 896 319 942
Pedestrian 0.299072 577 923 600 943
Pedestrian 0.632282 783 930 814 957
Motor 0.266458 785 932 820 971
Pedestrian 0.441281 187 956 233 990
Motor 0.770580 181 950 242 996
Pedestrian 0.779775 831 1025 862 1047
