Bus 0.357799 597 1 610 19
Car 0.425637 714 2 725 18
Bus 0.823582 600 18 617 61
Truck 0.676591 946 17 965 57
Car 0.360166 1240 52 1252 69
Bus 0.607819 597 61 615 109
Car 0.219562 692 74 699 91
Motor 0.508946 1290 73 1301 88
Car 0.662825 632 87 640 101
Van 0.476929 1285 110 1306 135
Bus 0.540896 695 136 711 174
Van 0.375266 620 154 632 181
Car 0.460501 686 167 698 183
Car 0.308084 963 174 979 191
Truck 0.376622 706 203 753 244
Car 0.508942 677 238 689 259
Car 0.862302 74 272 105 286
Car 0.388849 693 283 704 311
Car 0.467576 30 304 53 320
Car 0.765573 677 315 689 337
Van 0.336185 608 341 623 372
Truck 0.547892 80 372 128 432
Truck 0.800302 589 433 611 486
Car 0.977887 623 499 638 523
Car 0.964595 560 580 575 606
Car 0.511713 283 620 303 648
Car 0.904183 611 662 626 691
Car 0.914769 298 671 324 695
Car 0.808279 401 706 429 732
Car 0.716250 737 708 751 739
Car 0.679969 842 750 873 770
Car 0.733588 732 763 762 784
