Bus 0.992824 985 227 1159 295
Bus 0.922642 1 425 151 507
Bus 0.498324 979 559 1158 628
Bus 0.785674 1109 605 1279 674
Car 0.555581 502 0 531 37
Van 0.576635 728 -3 760 43
Pedestrian 0.610782 388 127 402 139
Car 0.990192 799 127 855 190
Car 0.995546 545 173 580 247
Pedestrian 0.445093 1372 217 1385 226
Pedestrian 0.564267 1374 230 1387 240
Car 0.937952 1324 257 1390 284
Van 0.852861 504 252 536 315
Car 0.988935 1263 342 1340 375
Car 0.907652 891 375 962 402
Pedestrian 0.482331 943 583 956 593
Van 0.432929 1360 586 1398 620
Car 0.995041 463 578 498 647
Car 0.922744 1005 640 1068 676
Car 0.828194 1307 637 1394 670
Truck 0.242600 101 651 206 699
Van 0.512815 139 654 205 694
Car 0.916425 1199 660 1273 696
Van 0.548448 506 649 542 724
Car 0.990724 1115 693 1177 734
