Bus 0.457523 536 -1 571 27
Car 0.899925 640 0 662 15
Truck 0.870737 582 14 621 92
Car 0.966835 467 55 491 84
Bus 0.930855 733 25 797 119
Pedestrian 0.297553 819 103 825 120
Bus 0.819869 803 161 853 244
Car 0.973882 736 191 767 234
Pedestrian 0.919047 1114 455 1128 476
Pedestrian 0.971040 1136 453 1150 476
Pedestrian 0.516472 1111 461 1124 482
Car 0.995700 794 459 837 528
Pedestrian 0.254275 1112 541 1124 559
Pedestrian 0.364058 50 710 73 731
Pedestrian 0.248671 52 720 71 737
Pedestrian 0.748954 278 768 296 783
Pedestrian 0.203816 292 772 307 784
