Bus 0.985382 707 823 949 922
Car 0.950986 238 285 265 306
Pedestrian 0.920249 1330 526 1340 543
Pedestrian 0.274597 1378 527 1388 544
Pedestrian 0.422197 1363 554 1374 570
Pedestrian 0.547466 1005 573 1013 590
Pedestrian 0.274328 1189 612 1198 633
Pedestrian 0.223699 1171 620 1180 641
Pedestrian 0.549192 1183 617 1194 638
Pedestrian 0.336757 1221 631 1234 652
Pedestrian 0.931445 1022 646 1034 671
Van 0.860784 1288 624 1371 680
Car 0.441716 1387 631 1398 677
Pedestrian 0.210733 1015 686 1026 711
Pedestrian 0.930307 1021 682 1033 709
Pedestrian 0.972473 1049 677 1062 705
Pedestrian 0.326775 1011 707 1024 731
Pedestrian 0.405047 466 730 478 752
Pedestrian 0.922456 494 727 507 752
Pedestrian 0.336188 510 731 524 754
Pedestrian 0.568663 565 730 580 754
Pedestrian 0.570831 855 731 870 758
Pedestrian 0.790858 945 723 959 747
Pedestrian 0.304697 1006 717 1018 742
Pedestrian 0.868746 239 752 257 776
Pedestrian 0.554923 460 739 477 762
Pedestrian 0.232876 488 736 504 761
Pedestrian 0.435822 719 752 734 778
Pedestrian 0.983289 813 743 828 771
Pedestrian 0.618763 834 743 848 767
Pedestrian 0.972848 943 744 958 767
Pedestrian 0.289811 964 741 978 764
Pedestrian 0.959678 116 763 136 790
Pedestrian 0.889807 229 758 247 785
Pedestrian 0.953995 386 773 405 796
Pedestrian 0.251106 939 759 953 778
Pedestrian 0.362549 987 765 1001 787
Pedestrian 0.836847 992 767 1007 789
Pedestrian 0.691720 45 777 66 802
Pedestrian 0.942233 725 787 747 810
Pedestrian 0.741177 994 782 1008 802
Pedestrian 0.875288 1342 794 1366 814
Pedestrian 0.964587 974 824 990 851
Pedestrian 0.279444 957 887 971 910
Pedestrian 0.350485 923 898 938 925
Pedestrian 0.512590 937 905 952 934
Pedestrian 0.540975 972 914 987 938
