Bus 0.966240 345 479 440 601
Car 0.232323 603 5 609 9
Car 0.435476 626 6 632 10
Car 0.339926 605 21 611 25
Car 0.693966 631 21 636 25
Car 0.274493 608 34 615 39
Car 0.592141 633 35 639 39
Car 0.320069 648 37 654 41
Car 0.507060 635 49 641 54
Car 0.737052 650 48 656 53
Car 0.369358 683 51 691 56
Car 0.420281 607 63 615 69
Car 0.568366 624 63 631 69
Car 0.803465 651 65 658 71
Car 0.510252 683 64 691 69
Car 0.791772 627 78 635 85
Car 0.533675 652 77 659 83
Car 0.602883 711 80 719 86
Car 0.554345 639 92 647 99
Car 0.538792 652 97 660 104
Car 0.467526 713 96 723 102
Car 0.636662 623 107 631 115
Car 0.458895 655 108 663 116
Car 0.683957 658 126 667 133
Car 0.621197 680 125 688 132
Car 0.748670 623 135 634 145
Car 0.906424 664 140 673 148
Car 0.557585 600 152 610 163
Car 0.568809 623 157 633 167
Car 0.916357 655 153 665 162
Car 0.968869 657 168 667 178
Car 0.552827 603 188 617 201
Car 0.635689 617 187 629 200
Car 0.427995 645 177 656 188
Car 0.812892 680 181 691 193
Car 0.410437 595 192 609 204
Van 0.206732 854 195 880 214
Car 0.981336 656 207 668 222
Car 0.944093 661 252 673 272
Car 0.480568 839 253 859 275
Car 0.529848 835 284 854 305
Truck 0.308951 872 275 895 311
Car 0.761985 550 308 570 325
Car 0.990714 679 297 695 320
Car 0.992155 618 328 634 350
Pedestrian 0.228126 924 344 930 358
Car 0.862218 900 359 923 382
Pedestrian 0.319859 954 411 962 426
Van 0.911755 938 440 965 475
Car 0.995523 509 462 536 493
Car 0.993132 445 508 482 541
Bus 0.957066 955 477 1006 559
Car 0.756913 437 621 472 657
Car 0.929583 1032 672 1073 724
Motor 0.540008 386 699 404 728
