Truck 0.698969 309 631 472 720
Car 0.902235 850 176 868 196
Car 0.204537 0 194 15 217
Car 0.768472 28 207 70 226
Car 0.946459 842 209 860 228
Car 0.578499 839 227 859 253
Pedestrian 0.443255 941 227 948 241
Car 0.320359 198 268 251 290
Truck 0.231720 55 275 136 319
Car 0.284031 448 313 496 335
Car 0.598491 620 312 659 335
Car 0.922687 331 330 378 359
Car 0.754291 422 332 480 356
Car 0.743513 588 325 633 349
Car 0.853260 824 330 854 360
Pedestrian 0.202429 926 330 933 344
Car 0.542236 95 336 155 370
Car 0.222830 465 342 518 367
Car 0.934226 581 346 628 369
Car 0.222440 1 351 21 384
Car 0.938056 465 353 521 378
Car 0.229090 814 353 839 393
Bus 0.623240 893 335 924 396
Car 0.723392 60 367 117 395
Car 0.719216 291 373 338 401
Car 0.317965 397 369 446 394
Car 0.634139 600 370 657 395
Car 0.635107 442 390 491 415
Car 0.783303 607 387 662 413
Car 0.631654 19 399 83 425
Car 0.350919 263 399 314 426
Car 0.381367 415 404 480 428
Car 0.936522 889 405 916 438
Car 0.309464 172 421 226 446
Van 0.465699 228 420 289 455
Car 0.788909 704 415 755 443
Car 0.664544 390 437 456 460
Car 0.346110 516 434 575 459
Car 0.318147 794 425 829 474
Car 0.954211 889 435 914 469
Car 0.473417 516 450 571 476
Car 0.393416 390 457 456 485
Car 0.514077 678 459 739 494
Car 0.372455 37 471 89 518
Car 0.765556 511 474 569 505
Car 0.330538 575 473 631 508
Car 0.534911 683 474 745 508
Car 0.807124 890 466 917 519
Car 0.342294 2 479 33 530
Van 0.554481 164 485 233 540
Van 0.684699 681 491 745 525
Bus 0.361864 783 476 825 546
Car 0.544870 89 518 151 576
Van 0.207588 619 582 718 619
Car 0.879793 885 573 913 625
Truck 0.360383 605 625 708 669
Car 0.662252 87 630 163 696
Truck 0.258154 360 627 468 684
Car 0.972862 801 666 840 721
Bus 0.711336 868 712 927 788
