Van 0.975529 247 173 332 286
Car 0.995410 544 239 620 349
Car 0.896288 792 257 864 374
Car 0.828119 81 370 233 532
Van 0.260023 -2 514 138 660
Car 0.373299 -3 670 41 905
Car 0.296376 509 704 645 1041
Car 0.552721 439 1 485 15
Car 0.335942 685 1 735 20
Van 0.528958 385 5 445 67
Car 0.362260 684 0 737 57
Van 0.964409 882 0 940 67
Van 0.757334 431 14 488 90
Car 0.907526 359 64 440 127
Pedestrian 0.250408 955 86 972 136
Pedestrian 0.957382 874 114 894 162
Van 0.742224 317 104 391 194
Bike 0.340069 983 133 1016 169
Pedestrian 0.982776 933 144 955 192
Motor 0.439973 131 171 177 209
Motor 0.211614 174 163 221 217
Car 0.884012 324 180 417 259
Car 0.976570 644 205 707 304
Bike 0.459154 1013 231 1056 271
Motor 0.506867 1029 356 1060 403
Bike 0.438600 1038 431 1102 475
Pedestrian 0.971896 964 698 1008 759
Motor 0.467662 1192 738 1254 827
