Truck 0.957293 615 277 731 415
Car 0.956435 546 404 659 528
Car 0.998716 461 529 569 653
Van 0.978755 919 540 996 654
Car 0.951786 535 566 658 742
Car 0.990507 337 666 476 838
Van 0.980226 854 693 951 852
Car 0.952739 156 863 364 1044
Car 0.990469 808 926 922 1045
Car 0.710540 863 28 902 69
Pedestrian 0.887212 857 97 873 129
Car 0.319183 1033 142 1089 202
Car 0.971464 726 223 807 308
Car 0.478107 951 334 1011 405
Van 0.725047 949 445 1024 539
Bike 0.245937 1043 480 1072 515
Pedestrian 0.504296 1301 629 1326 673
Pedestrian 0.364958 1314 630 1338 678
Pedestrian 0.268334 1343 635 1367 675
Pedestrian 0.706487 1231 683 1274 712
Motor 0.201095 1217 679 1298 718
Pedestrian 0.549119 1260 685 1294 715
Pedestrian 0.524241 1336 848 1369 879
Pedestrian 0.939560 837 847 867 894
Motor 0.202213 1254 939 1340 976
Bike 0.293345 1256 966 1302 996
