Car 0.873616 1123 0 1162 11
Car 0.721001 683 101 701 137
Car 0.740667 720 193 741 227
Car 0.961217 434 265 454 301
Van 0.703319 385 319 425 341
Van 0.943104 541 313 580 335
Car 0.683457 677 308 693 343
Van 0.512277 384 346 428 366
Car 0.703528 523 352 563 370
Motor 0.338084 738 367 745 380
Van 0.398954 518 370 555 389
Van 0.753477 402 456 454 476
Van 0.908362 405 479 448 500
Bus 0.725956 683 467 707 526
Van 0.724588 593 524 629 542
Car 0.666003 583 547 625 564
Van 0.756730 586 572 627 591
Car 0.618381 684 589 705 624
Car 0.981600 870 606 891 645
Car 0.860551 720 649 738 685
Car 0.667926 438 751 465 769
Car 0.611337 482 755 510 774
Car 0.370569 871 779 892 786
