Car 0.374824 977 49 990 56
Car 0.755423 999 65 1012 73
Car 0.515953 891 75 904 83
Car 0.240702 917 83 927 91
Car 0.438239 802 96 817 109
Car 0.826392 931 94 943 104
Car 0.402595 936 97 949 108
Car 0.485427 932 105 944 115
Car 0.294873 943 102 953 112
Car 0.838281 792 123 808 135
Car 0.935748 733 156 752 170
Car 0.956181 905 149 920 163
Car 0.861223 778 170 792 184
Car 0.663261 699 192 718 209
Car 0.753933 767 258 790 276
Motor 0.475134 784 292 793 304
Car 0.997294 862 284 885 307
Car 0.346954 46 320 82 335
Car 0.233442 45 333 86 351
Van 0.232620 475 322 502 355
Car 0.946321 621 356 641 379
