Bus 0.849783 1 816 98 937
Bus 0.907085 79 806 174 928
Bus 0.803263 162 795 250 918
Car 0.944456 758 713 787 736
Car 0.731301 659 723 692 744
Car 0.919872 728 717 758 738
Car 0.918474 449 741 480 765
Car 0.985839 488 738 518 763
Car 0.339246 335 759 370 781
Bus 0.892903 141 764 263 833
Bus 0.994145 665 762 740 838
Bus 0.982062 454 782 507 868
Bus 0.757227 566 775 629 854
Bus 0.971977 247 792 322 896
Car 0.984677 870 820 943 850
Car 0.995088 748 895 831 937
Car 0.972641 1017 956 1106 1008
Pedestrian 0.330527 350 1034 365 1049
