Bus 0.881227 356 601 458 779
Car 0.311088 597 3 608 9
Car 0.347551 623 2 631 7
Car 0.757920 664 4 673 10
Car 0.284577 670 4 679 10
Car 0.392155 731 4 739 9
Car 0.421306 602 18 612 25
Car 0.499541 625 21 634 28
Car 0.700552 662 15 671 22
Car 0.506704 734 19 743 25
Car 0.355484 609 31 619 38
Car 0.640637 663 37 672 45
Car 0.536298 669 37 679 45
Car 0.414196 732 34 740 40
Car 0.226484 753 35 763 42
Car 0.289101 596 48 607 58
Car 0.839823 652 47 660 55
Car 0.289385 671 44 680 52
Car 0.648251 753 47 764 55
Car 0.458014 599 65 610 76
Car 0.275189 639 65 648 75
Car 0.812547 655 60 663 69
Car 0.818082 638 76 648 87
Car 0.861987 655 80 664 92
Car 0.270985 671 73 680 85
Car 0.699111 760 79 772 90
Car 0.363346 776 78 790 88
Car 0.861331 599 95 611 107
Car 0.501366 770 91 783 101
Car 0.205208 640 103 648 113
Car 0.748677 644 102 654 115
Car 0.615214 673 107 681 118
Car 0.291353 783 103 798 116
Car 0.910528 659 120 669 131
Car 0.960681 637 161 651 180
Van 0.364303 997 185 1023 200
Car 0.564143 1018 187 1045 201
Car 0.590363 681 188 696 207
Car 0.611365 811 193 836 207
Car 0.252465 828 191 852 206
Car 0.956335 659 212 673 233
Car 0.365915 795 207 817 222
Car 0.608059 796 213 823 227
Car 0.209932 973 217 997 233
Car 0.696271 627 217 642 238
Car 0.828990 801 226 829 241
Car 0.962569 805 241 835 257
Motor 0.324098 556 255 564 267
Car 0.974031 628 250 646 276
Car 0.556485 814 258 837 276
Car 0.571240 806 264 825 284
Car 0.537926 1129 266 1158 284
Car 0.539914 1161 271 1187 289
Car 0.235862 1204 271 1233 284
Car 0.993145 654 285 675 308
Pedestrian 0.288957 1245 292 1255 303
Van 0.703048 1175 300 1209 325
Van 0.880574 867 312 887 338
Van 0.728229 887 312 912 336
Pedestrian 0.204859 1265 324 1272 337
Pedestrian 0.244272 1267 329 1275 341
Car 0.979006 478 358 508 384
Car 0.993241 655 350 679 382
Car 0.987969 614 376 640 417
Car 0.654811 852 412 884 437
Car 0.977376 423 487 457 525
Car 0.980969 337 659 382 717
Car 0.801295 445 739 491 786
