Car 0.512305 730 -1 753 39
Car 0.527606 921 -3 944 106
Car 0.954598 601 32 629 101
Car 0.803750 842 39 864 124
Car 0.840864 1076 50 1104 113
Car 0.758556 1074 115 1099 178
Car 0.946464 640 125 664 200
Car 0.942010 973 179 1004 249
Car 0.954342 1098 206 1126 268
Pedestrian 0.760900 335 304 347 320
Car 0.945605 919 274 943 340
Car 0.811377 599 340 621 406
Car 0.562858 879 344 912 418
Car 0.922345 930 465 957 538
Car 0.428944 1100 466 1127 550
Car 0.966695 737 521 763 593
Truck 0.500077 851 507 882 626
Van 0.837156 1105 571 1133 636
Car 0.818257 1108 685 1134 755
