Van 0.686017 866 24 886 45
Van 0.798689 949 24 967 48
Van 0.770824 874 48 893 73
Van 0.887416 300 73 329 91
Van 0.825068 525 74 542 98
Car 0.967144 490 113 520 130
Bus 0.535569 260 124 309 153
Van 0.909556 602 138 632 156
Car 0.934890 669 175 691 198
Van 0.884431 863 179 882 206
Car 0.830310 726 206 743 232
Van 0.905197 844 272 859 305
Car 0.976126 693 323 711 354
Pedestrian 0.474161 1101 365 1108 375
Pedestrian 0.493557 1093 383 1099 392
Car 0.819227 800 382 818 412
Car 0.961061 788 555 807 596
Car 0.559325 772 600 788 646
Car 0.973339 859 624 878 667
Truck 0.370854 1276 674 1394 737
