Pedestrian 0.274785 169 1 177 7
Pedestrian 0.437897 786 5 793 14
Pedestrian 0.243833 178 14 185 23
Pedestrian 0.864754 761 15 768 26
Pedestrian 0.701569 790 31 798 42
Car 0.469236 906 32 927 54
Pedestrian 0.646812 717 52 725 62
Pedestrian 0.337690 775 42 783 54
Van 0.479687 1159 50 1184 75
Pedestrian 0.455784 691 79 699 90
Pedestrian 0.605448 703 71 711 83
Pedestrian 0.647896 741 79 750 92
Pedestrian 0.287233 545 94 552 105
Pedestrian 0.423152 591 94 598 104
Pedestrian 0.410009 628 90 636 100
Pedestrian 0.663239 656 110 663 120
Truck 0.399162 342 100 396 158
Pedestrian 0.213929 418 124 425 136
Pedestrian 0.253217 433 126 440 138
Pedestrian 0.723229 500 124 508 135
Pedestrian 0.642309 549 119 557 130
Pedestrian 0.400421 926 121 935 132
Pedestrian 0.578044 580 134 588 145
Pedestrian 0.635513 440 156 448 166
Van 0.217777 646 152 685 175
Pedestrian 0.259601 469 168 478 176
Pedestrian 0.488272 483 174 492 183
Pedestrian 0.501907 572 163 579 174
Van 0.342315 699 159 730 184
Pedestrian 0.619327 764 167 772 179
Pedestrian 0.816572 947 167 955 179
Pedestrian 0.403647 407 188 415 196
Pedestrian 0.496230 357 198 365 208
Pedestrian 0.578356 396 202 404 212
Pedestrian 0.225727 436 205 443 213
Car 0.257624 542 194 575 217
Pedestrian 0.234845 382 217 389 227
Pedestrian 0.401803 439 210 446 221
Car 0.719127 979 200 1009 227
Pedestrian 0.223748 341 234 349 243
Pedestrian 0.236178 349 231 356 240
Car 0.462907 468 217 504 238
Car 0.525776 399 240 432 262
Car 0.524234 354 255 381 276
Car 0.610539 535 246 561 281
Car 0.316947 561 243 586 276
Car 0.246206 1002 246 1033 282
Car 0.278394 1095 252 1122 277
Truck 0.537193 1296 240 1347 295
Car 0.439975 367 269 410 298
Car 0.334131 499 259 528 296
Van 0.357268 760 258 793 311
Pedestrian 0.470720 905 294 911 305
Car 0.807578 1279 271 1312 306
Pedestrian 0.374858 878 307 885 319
Pedestrian 0.754933 900 304 906 316
Car 0.386772 745 301 781 355
Pedestrian 0.302040 875 315 882 327
Pedestrian 0.288019 894 314 900 325
Car 0.622179 861 343 886 374
Pedestrian 0.693142 1323 347 1332 360
Pedestrian 0.440938 1372 346 1382 357
Car 0.236804 476 356 500 392
Car 0.260063 452 362 475 400
Car 0.641966 558 364 585 399
Bus 0.570842 816 358 860 422
Pedestrian 0.309478 1348 381 1356 393
Car 0.502390 507 386 533 422
Van 0.396308 797 392 835 447
Pedestrian 0.231831 933 413 941 423
Pedestrian 0.315794 1211 428 1219 438
Car 0.204158 2 425 21 464
Pedestrian 0.367041 855 439 863 451
Pedestrian 0.529799 1010 441 1019 458
Pedestrian 0.406787 1189 443 1198 453
Pedestrian 0.538830 1229 445 1238 457
Pedestrian 0.282592 1240 443 1248 456
Pedestrian 0.606649 1004 470 1013 480
Pedestrian 0.261275 915 507 924 517
Pedestrian 0.383088 968 522 978 532
Pedestrian 0.548975 999 519 1009 528
Pedestrian 0.502607 1278 523 1287 531
Van 0.319225 861 520 900 562
Pedestrian 0.448205 969 527 979 539
Pedestrian 0.367995 1201 550 1212 562
Pedestrian 0.298152 1005 576 1015 587
Pedestrian 0.533253 1073 576 1084 588
Car 0.336624 762 575 819 608
Pedestrian 0.457244 885 610 895 620
Pedestrian 0.783355 1148 628 1160 640
Pedestrian 0.621511 874 641 885 652
Pedestrian 0.937193 1239 638 1252 650
Car 0.921190 599 670 645 699
Pedestrian 0.705834 860 686 872 697
Car 0.887043 552 694 593 725
Bus 0.819665 415 685 521 747
Pedestrian 0.555809 898 711 908 723
Pedestrian 0.749573 1289 709 1304 726
Van 0.519558 488 722 539 759
Pedestrian 0.443430 767 748 778 760
Car 0.803381 435 739 484 780
Pedestrian 0.709723 758 754 769 767
Pedestrian 0.321512 839 754 850 766
Car 0.212433 388 774 427 787
Pedestrian 0.203844 1263 775 1277 783
Pedestrian 0.208333 1320 773 1335 784
