Truck 0.498487 14 325 114 489
Truck 0.643768 199 336 260 496
Bus 0.414319 385 332 440 491
Bus 0.632565 498 326 549 489
Bus 0.975810 730 347 799 474
Truck 0.718028 130 373 207 512
Truck 0.496205 254 358 311 538
Bus 0.761222 635 371 701 503
Bus 0.860999 61 582 275 655
Car 0.901778 623 1 655 12
Car 0.459306 673 0 710 4
Car 0.443965 695 0 732 6
Car 0.375199 720 1 757 7
Car 0.435196 783 0 823 7
Car 0.324215 523 19 560 32
Car 0.829875 875 20 932 36
Motor 0.264133 991 22 1005 33
Truck 0.320367 0 22 67 58
Car 0.536475 57 23 94 38
Car 0.557113 195 31 241 47
Car 0.593738 511 30 551 46
Car 0.871728 639 25 686 42
Car 0.632886 886 152 930 171
Car 0.226097 1362 264 1398 286
Pedestrian 0.215119 1233 335 1246 352
Pedestrian 0.262393 1321 329 1334 343
Truck 0.281097 277 315 327 398
Pedestrian 0.413253 1221 351 1235 367
Pedestrian 0.308819 1338 350 1349 368
Pedestrian 0.549517 1348 346 1360 365
Bus 0.674571 398 362 433 476
Bus 0.561791 512 359 550 473
Pedestrian 0.457569 1116 404 1128 421
Pedestrian 0.340218 839 422 851 442
Car 0.398269 453 425 480 469
