Car 0.936632 884 12 904 56
Car 0.936950 710 31 730 80
Van 0.428488 737 40 764 96
Van 0.775833 662 114 682 159
Car 0.968453 933 125 960 169
Bus 0.884594 870 102 899 212
Van 0.774715 533 144 553 189
Van 0.935281 47 242 99 276
Car 0.877668 241 255 293 275
Car 0.506331 535 258 558 302
Car 0.731478 719 249 736 300
Van 0.911851 1016 291 1051 327
Van 0.949467 747 305 769 345
Van 0.799080 717 362 737 403
Van 0.835521 575 405 598 436
Car 0.260070 900 484 939 505
Car 0.954297 583 491 614 532
Car 0.785695 668 531 687 574
Bus 0.796536 383 538 414 633
Car 0.352205 817 577 838 601
Van 0.779983 849 572 884 597
Truck 0.882136 507 600 539 725
Van 0.901828 579 666 608 717
Car 0.381441 287 699 326 731
Bus 0.520968 385 668 412 762
Car 0.881773 600 706 622 753
Car 0.431734 1372 721 1400 749
Car 0.922908 557 729 583 781
Car 0.671853 517 750 541 787
Car 0.683048 584 765 611 785
