Bus 0.991632 126 19 315 120
Bus 0.995803 1166 239 1355 320
Bus 0.986107 448 380 615 459
Bus 0.876184 1190 542 1379 615
Bus 0.479252 343 598 404 749
Car 0.661662 461 0 526 21
Pedestrian 0.524869 467 51 478 65
Van 0.968302 1208 41 1294 77
Pedestrian 0.276119 449 66 460 80
Pedestrian 0.479042 457 62 468 77
Pedestrian 0.853324 484 60 496 76
Pedestrian 0.246283 446 76 457 93
Pedestrian 0.408099 444 83 455 101
Pedestrian 0.522057 483 88 494 106
Pedestrian 0.236047 1173 121 1185 134
Pedestrian 0.538385 1191 121 1203 131
Pedestrian 0.255053 1171 133 1184 146
Pedestrian 0.266082 1282 162 1294 176
Pedestrian 0.738865 1342 160 1355 175
Pedestrian 0.211457 1354 196 1367 212
Pedestrian 0.605539 444 214 455 226
Pedestrian 0.573342 464 227 475 239
Pedestrian 0.233063 475 237 486 248
Car 0.985677 928 233 986 309
Van 0.968252 766 503 821 573
Car 0.996893 1099 605 1173 642
Car 0.908478 972 701 1049 739
