Car 0.235392 1005 0 1041 12
Car 0.947464 830 18 881 44
Car 0.950359 1831 15 1882 54
Pedestrian 0.208846 1882 46 1901 65
Car 0.960411 830 58 889 84
Motor 0.288656 1881 56 1898 74
Car 0.847361 832 72 896 97
Pedestrian 0.272303 1864 85 1876 103
Car 0.965733 354 120 417 145
Car 0.688505 351 144 418 175
Car 0.950866 1545 132 1589 174
Car 0.428395 823 158 891 184
Car 0.911185 826 178 891 208
Car 0.940294 836 198 902 233
Motor 0.243493 847 231 893 254
Car 0.912082 288 250 360 284
Car 0.552573 268 284 349 313
Car 0.954717 875 284 910 340
Van 0.587536 1796 340 1870 395
Van 0.933599 1600 355 1686 399
Car 0.895811 1501 376 1585 415
Car 0.971839 1284 408 1375 450
Car 0.975263 1172 425 1263 466
Car 0.962586 1739 428 1838 477
Car 0.991682 1077 438 1166 484
Car 0.851666 969 455 1046 501
Truck 0.828387 743 483 828 532
Car 0.987211 851 475 940 520
Car 0.992951 647 511 740 556
Car 0.554490 1736 535 1807 576
Car 0.992599 496 536 597 585
Car 0.879402 1631 547 1713 599
Van 0.903842 257 576 348 620
Car 0.962293 373 556 473 608
Car 0.865604 1537 571 1614 618
Motor 0.360057 1813 578 1849 603
Car 0.984507 103 594 225 645
Car 0.375587 -2 603 61 665
Car 0.948302 1050 653 1142 701
Car 0.942608 801 703 910 755
Van 0.618373 396 736 511 789
Car 0.982952 584 751 703 804
Car 0.978654 442 777 562 830
Car 0.989382 294 804 412 860
Car 0.848317 143 829 266 880
Car 0.804756 6 850 120 904
