Bus 0.351001 588 242 658 407
Bus 0.504659 623 241 692 410
Bus 0.630640 5 268 68 420
Truck 0.439836 29 254 108 452
Bus 0.855450 780 280 849 411
Bus 0.919411 252 320 310 450
Bus 0.435732 375 316 435 448
Bus 0.898449 97 371 164 494
Bus 0.670294 834 713 943 787
Car 0.259576 1313 19 1356 35
Car 0.289826 1175 27 1224 43
Car 0.463806 1258 26 1303 42
Pedestrian 0.318635 1327 223 1342 241
Pedestrian 0.524386 1346 229 1362 249
Bus 0.641467 322 226 365 329
Truck 0.617001 383 242 428 325
Pedestrian 0.478916 985 315 997 338
Pedestrian 0.223802 993 325 1004 344
Bus 0.383668 801 302 847 408
Car 0.742908 580 339 615 390
