Car 0.340919 367 0 394 15
Car 0.799558 536 0 558 17
Car 0.851517 760 0 779 26
Car 0.349992 362 14 385 38
Car 0.820786 621 0 644 35
Car 0.750492 656 0 676 36
Car 0.439108 497 29 520 70
Car 0.706998 495 124 520 172
Car 0.862407 759 113 781 165
Car 0.926769 533 156 556 200
Car 0.542067 344 169 369 204
Car 0.962605 626 206 652 266
Car 0.920328 793 230 816 287
Car 0.975367 555 304 582 367
Car 0.800389 484 341 504 411
Car 0.977620 504 522 529 586
Car 0.835976 288 575 319 633
Car 0.547535 624 576 653 657
Car 0.612248 457 710 478 763
Car 0.883473 500 749 527 786
Car 0.743547 540 746 570 785
Car 0.563319 746 768 781 787
