Truck 0.940419 1005 601 1092 707
Car 0.242900 599 6 605 10
Car 0.385171 578 22 584 26
Car 0.325227 602 20 608 24
Car 0.454463 580 34 586 38
Car 0.677925 597 36 603 40
Car 0.523954 577 51 584 56
Car 0.834944 601 48 608 53
Car 0.850178 606 64 614 70
Car 0.390630 654 66 663 72
Car 0.566324 573 79 582 86
Car 0.945475 599 79 606 86
Car 0.284203 619 78 626 85
Car 0.605744 659 75 669 82
Car 0.380972 567 89 577 96
Car 0.695515 606 95 614 102
Car 0.237821 625 94 633 101
Car 0.279953 662 94 671 101
Car 0.483351 671 98 682 106
Car 0.912183 605 107 613 115
Car 0.520237 684 108 694 116
Car 0.766514 554 128 567 140
Car 0.921155 607 124 617 134
Pedestrian 0.242614 544 141 553 152
Car 0.938086 603 137 613 148
Car 0.246971 614 141 625 152
Car 0.555181 679 142 694 152
Motor 0.388575 544 152 550 161
Car 0.645918 601 152 613 163
Car 0.446435 676 154 691 165
Car 0.351019 571 165 584 179
Car 0.508980 682 166 699 178
Car 0.494177 598 176 611 192
Van 0.543790 783 191 804 211
Car 0.284310 553 207 567 222
Car 0.765835 512 227 530 247
Van 0.742431 561 240 577 259
Car 0.832249 527 266 544 289
Car 0.510377 547 274 565 296
Car 0.463045 900 331 920 352
Truck 0.549532 440 380 475 430
Car 0.781316 525 399 549 423
Car 0.966139 612 393 635 428
Car 0.959957 573 452 597 490
Bus 0.845187 912 445 962 517
Car 0.990839 432 519 462 555
Car 0.972412 650 515 678 556
Car 0.989339 474 537 504 577
Truck 0.247118 1002 570 1050 621
Car 0.715698 332 749 384 787
