Bus 0.998785 409 478 479 631
Car 0.221574 364 0 405 21
Car 0.206955 461 2 492 18
Car 0.358266 475 -1 501 13
Car 0.871299 621 0 636 11
Car 0.951288 644 2 661 20
Car 0.559765 404 11 436 33
Car 0.205520 446 8 477 31
Car 0.649827 371 24 404 47
Car 0.574285 420 24 453 48
Car 0.284653 346 36 376 58
Car 0.689635 230 59 265 85
Car 0.989908 625 54 642 75
Car 0.984299 658 56 676 77
Car 0.393415 460 83 487 106
Car 0.820723 205 96 245 120
Van 0.578542 427 99 455 128
Car 0.988728 594 105 613 127
Car 0.410060 402 112 427 136
Van 0.287819 349 128 381 156
Car 0.985735 665 148 684 176
Car 0.991044 597 165 616 189
Car 0.984272 630 192 651 221
Car 0.978652 571 259 596 293
Car 0.974832 525 452 554 494
