Bus 0.731024 536 53 574 192
Car 0.896382 588 4 619 53
Car 0.550353 771 0 803 51
Car 0.647430 733 3 757 60
Car 0.739214 508 29 533 88
Car 0.937324 700 56 725 118
Car 0.817955 658 79 683 136
Car 0.711586 598 117 619 179
Car 0.322269 72 132 117 187
Car 0.989705 553 267 585 319
Car 0.598303 736 260 763 325
Car 0.978531 646 283 676 344
Car 0.769383 681 274 713 337
Van 0.289933 35 354 111 392
Car 0.915932 521 335 556 393
Car 0.979640 541 476 572 547
Car 0.346426 658 556 699 607
Car 0.729741 1332 725 1391 762
Car 0.205026 1369 769 1397 786
