Car 0.503480 937 0 963 13
Car 0.845876 930 8 961 26
Car 0.907484 1082 17 1117 37
Car 0.965922 753 27 785 47
Car 0.662970 790 50 827 71
Car 0.970590 1029 55 1063 75
Car 0.964177 1125 52 1164 72
Car 0.782704 675 94 708 116
Van 0.726749 942 81 976 101
Car 0.638434 536 108 569 128
Car 0.993338 819 118 852 141
Car 0.953903 540 148 574 170
Car 0.955880 624 164 661 187
Car 0.949631 623 191 656 213
Car 0.812985 842 198 871 220
Car 0.372708 1133 190 1166 218
Car 0.947368 853 209 890 232
Car 0.643442 1189 221 1219 253
Car 0.313260 1238 225 1266 250
Car 0.785772 871 241 910 267
Car 0.206172 1180 232 1210 266
Car 0.218658 1247 249 1275 276
Car 0.642182 899 271 935 295
Car 0.950463 908 285 943 308
Car 0.250629 1238 283 1267 313
Van 0.861335 619 297 654 321
Car 0.802049 916 301 952 326
Bus 0.270607 1221 285 1265 340
Van 0.415041 925 323 964 349
Car 0.662365 1267 321 1296 348
Van 0.321900 554 337 582 360
Car 0.211503 951 356 978 378
Car 0.811227 1271 360 1308 392
Car 0.257916 460 394 485 415
Van 0.393726 792 387 829 410
Car 0.586495 989 403 1023 428
Car 0.613405 1301 398 1346 427
Car 0.618255 815 419 848 442
Car 0.607567 833 437 865 462
Car 0.504436 1015 438 1050 466
Bus 0.524389 578 487 614 552
Car 0.356736 872 511 907 538
Van 0.537189 942 525 976 554
Car 0.562335 1171 519 1208 552
Pedestrian 0.390948 1256 532 1267 542
Pedestrian 0.559775 1261 532 1272 543
Pedestrian 0.344240 1298 537 1309 547
Pedestrian 0.460865 1273 544 1285 554
Pedestrian 0.641461 1385 564 1396 574
Car 0.544066 1221 560 1263 601
Pedestrian 0.235928 1305 582 1316 589
Pedestrian 0.835427 1329 593 1341 603
Pedestrian 0.366377 1344 588 1356 598
Pedestrian 0.561177 1385 591 1395 600
Pedestrian 0.671223 1328 613 1342 621
Pedestrian 0.246888 1343 612 1355 621
Car 0.616657 1256 608 1296 653
Pedestrian 0.717032 1360 626 1373 634
Pedestrian 0.581732 1338 640 1350 647
Car 0.417256 576 635 613 682
Pedestrian 0.355271 1351 656 1363 663
Van 0.774594 1313 687 1365 735
Pedestrian 0.207709 376 719 386 731
Pedestrian 0.356222 378 724 388 738
Car 0.795631 626 739 668 784
Van 0.719820 1359 739 1401 785
Motor 0.230143 120 770 137 784
