Car 0.804152 1203 1 1236 17
Bus 0.598247 1043 0 1092 63
Car 0.722571 1204 24 1243 49
Van 0.539980 1193 38 1233 65
Car 0.721779 884 52 911 83
Car 0.807661 1174 56 1210 82
Van 0.950933 843 74 872 110
Car 0.957256 1039 86 1067 122
Car 0.828920 -2 161 33 184
Pedestrian 0.317717 4 185 15 196
Van 0.600754 951 176 975 211
Van 0.443783 1331 190 1377 217
Car 0.355128 1313 199 1371 236
Van 0.925554 719 227 746 266
Van 0.485439 732 262 761 305
Car 0.395511 1 276 10 316
Car 0.926237 916 298 944 335
Truck 0.720449 830 370 866 425
Car 0.920990 589 507 620 555
Car 0.843807 829 602 859 657
Car 0.305708 0 688 9 724
Car 0.986850 590 680 623 733
Car 0.576458 0 736 23 764
Car 0.373976 528 780 564 786
Car 0.320145 717 770 743 787
Car 0.813018 816 765 840 786
