Car 0.709248 147 0 188 17
Car 0.386263 1272 13 1317 66
Car 0.962281 296 41 347 75
Bus 0.357190 1374 40 1397 123
Bus 0.538897 1293 57 1338 130
Car 0.914642 1124 103 1159 140
Car 0.649415 1208 155 1246 199
Car 0.858467 987 204 1019 245
Van 0.474774 1312 196 1354 246
Car 0.489240 1354 358 1395 423
Car 0.976385 1318 441 1357 493
Car 0.946505 794 464 837 519
Van 0.485101 992 523 1033 577
Car 0.661757 615 581 662 636
Car 0.965140 1257 660 1299 729
Car 0.562870 933 707 983 768
Van 0.231810 851 776 891 787
