Bus 0.569868 705 -2 730 28
Car 0.725276 747 -1 762 10
Car 0.307269 817 1 830 22
Car 0.604876 792 7 805 29
Van 0.376205 835 13 849 43
Car 0.514420 890 8 916 27
Car 0.686543 717 27 730 50
Car 0.338954 923 23 948 40
Car 0.298407 937 26 963 44
Car 0.325691 1035 28 1055 47
Van 0.234627 683 40 700 77
Van 0.698554 701 41 714 68
Car 0.926800 969 41 990 61
Bus 0.596680 673 40 692 83
Car 0.967181 787 58 804 83
Car 0.355218 1008 68 1030 90
Car 0.834864 1024 70 1047 90
Car 0.936230 703 85 717 110
Car 0.273782 1054 86 1077 110
Truck 0.293377 1066 83 1092 111
Car 0.903215 1018 96 1043 122
Van 0.492653 672 122 686 146
Car 0.708647 700 130 715 155
Car 0.617187 752 124 767 149
Van 0.605486 824 127 837 153
Car 0.724897 1024 134 1047 162
Car 0.482729 1071 128 1093 148
Pedestrian 0.634265 416 173 422 180
Car 0.292931 939 164 970 185
Car 0.623719 966 158 998 180
Car 0.429708 1042 164 1065 194
Pedestrian 0.396853 416 185 422 191
Pedestrian 0.528941 437 184 443 191
Bus 0.664280 697 163 717 211
Car 0.774205 978 185 1008 204
Pedestrian 0.498616 299 199 305 205
Pedestrian 0.241264 411 201 417 207
Pedestrian 0.376455 437 201 443 206
Pedestrian 0.207089 437 214 443 220
Car 0.985551 651 223 666 248
Car 0.883903 684 227 700 254
Pedestrian 0.235569 436 246 443 252
Car 0.908403 974 242 1009 261
Pedestrian 0.310815 420 258 427 264
Pedestrian 0.505956 438 259 444 265
Car 0.485477 983 253 1016 275
Pedestrian 0.830333 420 274 427 281
Pedestrian 0.631118 447 278 453 284
Car 0.990035 668 262 682 290
Pedestrian 0.382485 418 295 424 301
Pedestrian 0.799837 441 291 447 298
Pedestrian 0.708218 462 295 468 302
Pedestrian 0.860250 415 306 421 313
Pedestrian 0.462781 441 303 446 310
Pedestrian 0.346046 459 303 465 311
Car 0.995345 805 290 824 323
Car 0.981472 689 312 706 342
Car 0.530031 838 306 854 334
Car 0.988324 663 344 679 376
Car 0.960617 663 416 678 448
Car 0.967308 684 422 700 452
Car 0.990087 727 427 746 463
Car 0.971465 668 495 688 530
Car 0.973351 745 518 765 557
Car 0.976025 698 553 718 593
Car 0.954116 673 573 691 612
Car 0.949518 718 688 741 731
Car 0.933183 686 710 707 758
