Bus 0.274594 768 263 877 433
Pedestrian 0.344855 440 2 447 15
Pedestrian 0.768701 447 12 455 30
Pedestrian 0.251019 449 25 457 43
Pedestrian 0.257847 1381 71 1393 94
Pedestrian 0.329872 176 106 185 121
Pedestrian 0.208241 281 170 291 184
Pedestrian 0.425813 304 169 313 184
Pedestrian 0.281359 257 177 268 190
Pedestrian 0.737713 303 177 313 197
Pedestrian 0.289105 1346 190 1361 210
Pedestrian 0.709327 312 288 323 311
Pedestrian 0.950642 322 287 333 311
Pedestrian 0.279684 1045 447 1063 473
Pedestrian 0.899726 313 522 325 547
Pedestrian 0.974782 325 525 337 548
Pedestrian 0.890225 264 605 277 629
Pedestrian 0.926841 228 695 243 717
Pedestrian 0.304720 236 699 251 718
Pedestrian 0.515024 229 777 246 786
Pedestrian 0.562921 239 777 255 786
