Van 0.689577 546 298 609 421
Car 0.971272 498 432 573 562
Car 0.831313 776 478 856 607
Car 0.954139 688 605 760 790
Car 0.955404 976 654 1074 850
Van 0.994805 387 696 511 903
Car 0.945423 778 809 863 1025
Car 0.974662 655 843 756 1039
Car 0.779446 591 -1 626 23
Car 0.260340 818 0 858 30
Car 0.742335 643 -1 683 45
Car 0.844979 749 0 788 46
Pedestrian 0.250703 793 10 806 44
Car 0.919690 691 23 733 83
Car 0.530386 915 12 961 69
Car 0.885218 744 42 786 97
Motor 0.202576 915 62 951 88
Car 0.785754 739 99 780 164
Pedestrian 0.684983 492 175 510 215
Car 0.968088 588 150 638 222
Motor 0.589176 927 171 967 197
Car 0.636378 738 168 784 244
Car 0.985628 563 219 625 295
Van 0.873566 728 240 782 328
Motor 0.613006 942 269 982 307
Motor 0.315495 402 369 424 409
Pedestrian 0.771678 449 360 470 411
Pedestrian 0.459296 661 363 681 409
Car 0.967642 710 337 780 435
Car 0.925108 789 355 848 468
Pedestrian 0.935860 918 576 941 623
Bike 0.240500 1100 716 1124 764
Pedestrian 0.274381 1131 714 1149 762
