Car 0.241151 785 4 814 19
Car 0.736656 1334 6 1357 23
Car 0.529727 862 20 891 36
Car 0.239493 1082 27 1117 46
Van 0.692219 1107 26 1154 47
Car 0.760414 1289 26 1321 44
Car 0.254631 1330 14 1352 30
Car 0.506538 1378 20 1406 41
Car 0.580450 1404 18 1439 38
Car 0.242089 692 46 723 64
Car 0.465322 780 49 813 70
Car 0.892722 962 42 993 58
Car 0.340439 1260 37 1298 56
Car 0.258427 1276 33 1309 51
Car 0.214744 633 62 673 81
Car 0.696320 733 64 770 83
Car 0.689369 1082 54 1123 72
Truck 0.311922 1825 100 1866 125
Truck 0.783890 1281 159 1336 224
Pedestrian 0.281028 1368 236 1378 252
Car 0.763632 1392 228 1448 250
Tricycle 0.246153 1180 242 1204 263
Pedestrian 0.379682 1169 297 1180 315
Car 0.576994 1311 348 1354 379
Motor 0.262481 1008 377 1024 399
Van 0.769523 1288 379 1342 421
Car 0.873181 1252 443 1321 477
Car 0.933306 1242 466 1308 502
Pedestrian 0.321972 980 491 992 515
Car 0.902780 1222 489 1294 529
Pedestrian 0.333394 1148 513 1161 543
Car 0.873678 1205 509 1276 549
Car 0.707820 591 531 638 574
Car 0.869148 1196 531 1268 577
Car 0.590071 1178 552 1249 599
Car 0.854612 640 559 717 604
Car 0.964343 1177 607 1231 661
Car 0.991954 1137 660 1190 719
Car 0.555275 1315 709 1398 772
Motor 0.325659 515 779 554 806
Car 0.995096 1273 795 1372 858
Motor 0.290781 450 846 491 869
Awning-tricycle 0.800251 1001 829 1043 897
Car 0.991878 1395 833 1505 902
Tricycle 0.477314 948 895 994 946
Car 0.993729 1016 870 1089 961
Pedestrian 0.583345 461 974 479 1005
Car 0.829486 969 945 1029 1041
Car 0.990014 1135 925 1204 1027
Car 0.988487 1185 954 1263 1062
Car 0.988624 1003 979 1082 1080
Van 0.296069 1278 992 1351 1074
Car 0.731161 1369 997 1441 1063
Car 0.511996 1122 1070 1185 1077
