Truck 0.891375 97 59 290 143
Truck 0.758933 424 60 605 145
Car 0.982875 873 242 940 353
Car 0.991061 1032 314 1144 392
Van 0.657913 1198 392 1283 501
Car 0.982333 1274 392 1363 496
Car 0.505311 1335 384 1399 497
Car 0.693848 0 78 93 128
Car 0.943941 468 188 600 245
Car 0.992144 1005 189 1115 254
Pedestrian 0.950323 838 267 856 291
Car 0.962287 1004 257 1122 326
Pedestrian 0.504769 518 336 539 356
Pedestrian 0.431156 541 341 561 359
Pedestrian 0.329430 798 348 814 371
Pedestrian 0.285008 576 403 599 420
Pedestrian 0.202134 4 426 27 443
Pedestrian 0.264644 0 436 20 452
Pedestrian 0.667632 104 480 124 502
Pedestrian 0.256222 510 475 532 500
Pedestrian 0.894790 547 520 567 534
Pedestrian 0.335189 411 579 431 596
