Bus 0.986351 1050 154 1121 277
Bus 0.988715 1097 295 1176 421
Car 0.932771 796 0 825 37
Van 0.758387 762 3 796 60
Car 0.781616 910 44 945 93
Car 0.959577 809 59 840 114
Van 0.434384 787 79 810 139
Car 0.528457 824 130 842 179
Bus 0.791048 608 124 653 214
Car 0.921499 860 147 884 206
Car 0.479288 249 193 309 227
Car 0.913794 820 198 846 242
Car 0.825157 181 221 233 259
Car 0.870143 524 210 580 249
Car 0.821282 102 234 155 261
Truck 0.411359 11 255 77 295
Car 0.293214 10 299 59 325
Car 0.978657 215 333 272 360
Car 0.926594 9 344 72 380
Car 0.983502 803 320 835 382
Car 0.995026 336 352 393 396
Car 0.252461 705 340 739 414
Car 0.658196 403 457 452 498
Car 0.981339 678 436 717 505
Car 0.976426 797 476 826 544
Car 0.955055 538 553 585 617
Car 0.216963 436 580 495 615
Car 0.929186 675 649 712 722
Car 0.993266 723 669 763 749
Car 0.993779 372 688 424 749
Car 0.715959 777 682 813 761
Car 0.844315 287 739 343 786
Car 0.893252 604 737 645 786
