Bus 0.705040 773 73 863 275
Car 0.984986 355 436 422 543
Car 0.963770 798 563 868 650
Car 0.994097 351 626 428 757
Car 0.489269 498 0 541 3
Car 0.990888 539 12 578 64
Pedestrian 0.715082 916 65 925 91
Car 0.981019 454 104 495 154
Car 0.994350 392 124 432 182
Car 0.995167 486 150 531 220
Pedestrian 0.909217 904 272 916 298
Car 0.573763 751 413 779 454
Pedestrian 0.908571 1142 416 1158 440
Pedestrian 0.370248 243 472 256 493
Pedestrian 0.928238 617 463 630 487
Pedestrian 0.778324 247 478 260 499
Car 0.971573 982 734 1081 787
