Car 0.209239 492 188 515 205
Car 0.484691 487 198 506 215
Car 0.551751 401 220 421 237
Car 0.427848 479 225 500 241
Car 0.551329 532 224 554 239
Car 0.674816 375 244 401 262
Car 0.306214 490 240 515 256
Car 0.906500 377 267 407 287
Car 0.359425 572 287 593 306
Car 0.226671 584 287 609 305
Pedestrian 0.257155 444 312 451 326
Car 0.473075 576 294 600 315
Pedestrian 0.371639 419 323 427 338
Motor 0.517850 447 317 454 332
Car 0.396256 516 325 553 346
Car 0.582249 516 338 550 358
Car 0.816781 525 375 568 399
Car 0.307143 419 390 446 422
Car 0.914063 498 395 549 418
Car 0.837687 497 422 547 445
Car 0.582454 430 434 455 482
Car 0.374351 502 442 551 468
Car 0.823915 513 481 547 511
Pedestrian 0.201377 635 489 644 508
Car 0.898753 439 509 469 556
Car 0.895854 520 508 554 547
Car 0.876816 614 514 674 543
Car 0.963587 539 551 571 597
Car 0.892086 548 597 590 651
Car 0.208526 678 612 711 644
Pedestrian 0.443635 647 637 657 659
Car 0.984777 568 650 607 712
Car 0.986071 582 722 629 797
Car 0.995021 691 723 767 792
Car 0.986188 790 788 869 852
Car 0.953978 608 800 650 887
Car 0.678391 1123 816 1195 884
Car 0.995916 730 858 805 950
Car 0.993936 876 855 965 931
Car 0.935218 631 892 685 987
Car 0.989943 801 945 876 1025
