Bus 0.273980 747 9 766 38
Car 0.528535 730 38 743 54
Van 0.458148 629 61 646 84
Van 0.602044 655 55 670 84
Car 0.744712 705 64 719 83
Car 0.473035 803 52 831 70
Car 0.588834 572 75 587 93
Car 0.441831 625 68 641 88
Bus 0.831027 588 65 617 121
Car 0.924866 708 120 725 141
Car 0.855710 752 115 768 133
Bus 0.981579 718 122 745 185
Pedestrian 0.863871 499 179 507 193
Bus 0.637595 701 245 732 307
Bus 0.904462 981 362 1126 408
Bus 0.707878 1214 364 1341 414
Pedestrian 0.811203 228 604 242 630
Pedestrian 0.874523 166 665 180 689
Pedestrian 0.667021 211 703 226 728
