Car 0.652834 471 246 478 253
Car 0.673381 496 251 503 258
Car 0.209389 517 250 525 257
Car 0.209646 493 273 500 280
Car 0.951143 458 364 471 379
Car 0.796523 487 381 500 395
Car 0.619503 514 392 538 407
Car 0.494198 440 460 454 483
Truck 0.261941 393 508 414 540
Car 0.989024 461 506 483 531
Pedestrian 0.419795 1294 513 1300 524
Pedestrian 0.235363 1307 532 1313 543
Car 0.408119 44 542 83 567
Motor 0.333705 1337 608 1347 624
Pedestrian 0.263761 1352 609 1359 626
Pedestrian 0.932803 366 636 377 649
Pedestrian 0.312311 1293 630 1306 649
Pedestrian 0.623438 1334 635 1343 649
Awning-tricycle 0.202497 1322 642 1340 664
Pedestrian 0.517768 1292 674 1300 689
Pedestrian 0.448973 1324 672 1334 688
Car 0.649282 1254 673 1283 702
Pedestrian 0.445653 1299 692 1308 706
Pedestrian 0.656915 1329 686 1339 701
Pedestrian 0.238270 1301 706 1310 719
Pedestrian 0.339145 1302 728 1311 741
Motor 0.445779 1197 740 1219 756
Pedestrian 0.511799 1263 752 1276 770
Car 0.278911 903 765 956 793
Pedestrian 0.350330 1252 772 1262 787
Motor 0.398978 1280 769 1291 787
Car 0.682590 886 780 935 813
Motor 0.273370 1169 793 1185 812
Car 0.916434 873 801 929 847
Motor 0.716929 1251 803 1264 823
Car 0.967482 846 822 907 868
Pedestrian 0.882201 1216 847 1233 869
Car 0.907745 330 832 372 905
Motor 0.913789 1187 865 1204 886
Pedestrian 0.578572 1148 898 1161 913
Motor 0.902473 1146 900 1163 923
Motor 0.932615 1100 945 1116 968
Pedestrian 0.750971 1140 941 1153 964
Motor 0.941805 1165 946 1180 971
Motor 0.249188 1180 950 1195 973
Motor 0.876875 1075 1004 1092 1028
