Bus 0.950850 311 357 428 443
Car 0.821378 506 -1 522 12
Van 0.854183 624 0 643 27
Car 0.914199 719 -2 738 14
Car 0.300999 918 0 949 3
Car 0.308797 932 0 956 3
Car 0.804522 531 15 548 42
Van 0.481691 624 58 644 90
Car 0.959390 526 73 543 101
Car 0.863469 695 89 714 121
Car 0.606165 492 91 509 125
Car 0.803226 614 154 633 187
Car 0.672690 541 193 563 225
Car 0.910931 452 331 474 366
Car 0.864050 526 327 552 370
Car 0.720601 673 347 696 390
Car 0.994027 559 382 582 424
Car 0.990611 217 457 271 481
Car 0.963118 565 609 593 665
Car 0.977777 473 674 504 723
Pedestrian 0.293291 1221 749 1236 761
Pedestrian 0.235844 1221 754 1238 769
Pedestrian 0.247389 1237 757 1252 771
Car 0.798708 540 771 573 786
