Car 0.623304 866 4 876 14
Car 0.295463 507 12 521 34
Car 0.543549 864 17 875 33
Car 0.295502 861 24 872 39
Car 0.640426 447 105 463 131
Car 0.280962 432 117 447 143
Car 0.818953 425 127 440 149
Car 0.858944 868 161 887 178
Car 0.457253 445 171 459 195
Bus 0.365900 872 187 890 218
Car 0.525017 829 204 842 228
Bus 0.935847 869 217 892 278
Car 0.643380 811 363 827 391
Car 0.894235 477 448 495 475
Pedestrian 0.825471 116 579 123 586
Truck 0.275344 646 591 673 623
Van 0.683899 657 641 679 676
Van 0.565614 680 638 697 674
Car 0.881349 698 682 719 722
Bus 0.747064 659 736 704 785
Car 0.263234 704 741 730 778
