Pedestrian 0.384046 467 0 483 15
Pedestrian 0.934477 604 11 618 34
Pedestrian 0.806582 701 14 715 31
Pedestrian 0.499072 538 33 551 51
Pedestrian 0.518381 571 32 585 51
Pedestrian 0.255139 705 23 717 41
Pedestrian 0.569396 736 32 748 49
Pedestrian 0.703134 522 37 535 60
Pedestrian 0.361891 535 37 548 57
Pedestrian 0.861246 629 47 640 66
Pedestrian 0.628974 739 47 750 63
Pedestrian 0.320873 634 54 644 73
Pedestrian 0.899633 654 58 664 76
Pedestrian 0.388393 688 64 698 82
Pedestrian 0.255484 702 64 712 80
Pedestrian 0.580059 739 57 749 74
Pedestrian 0.635145 756 59 768 77
Pedestrian 0.828975 658 74 668 94
Pedestrian 0.925176 683 71 692 90
Pedestrian 0.632731 702 72 712 91
Pedestrian 0.780554 551 87 565 103
Pedestrian 0.284341 561 88 574 103
Pedestrian 0.927102 682 87 692 108
Pedestrian 0.805735 704 84 714 106
Pedestrian 0.483840 775 83 788 103
Pedestrian 0.791971 544 123 559 138
Pedestrian 0.742886 606 121 619 136
Pedestrian 0.417332 616 123 628 138
Pedestrian 0.478920 663 123 674 141
Pedestrian 0.396217 675 123 685 140
Pedestrian 0.259316 845 112 859 131
Pedestrian 0.880232 415 128 426 152
Pedestrian 0.801796 542 134 557 148
Pedestrian 0.677379 628 133 639 150
Pedestrian 0.507138 663 131 674 152
Pedestrian 0.469197 491 148 507 165
Pedestrian 0.226770 626 155 637 170
Pedestrian 0.534170 720 146 730 163
Pedestrian 0.935567 737 148 747 167
Pedestrian 0.564467 492 164 507 181
Pedestrian 0.640400 552 170 565 184
Pedestrian 0.514770 565 168 578 181
Pedestrian 0.209254 609 166 621 180
Pedestrian 0.313725 627 164 639 178
Pedestrian 0.618530 742 162 752 179
Pedestrian 0.793415 492 181 506 196
Pedestrian 0.261718 571 183 584 197
Pedestrian 0.349084 462 199 475 215
Pedestrian 0.215301 462 208 476 223
Pedestrian 0.865799 785 216 797 234
Pedestrian 0.465016 402 256 420 279
Pedestrian 0.718170 856 294 869 309
Pedestrian 0.424634 394 331 407 352
Pedestrian 0.373055 405 329 419 351
Pedestrian 0.666146 760 335 771 353
Pedestrian 0.891175 792 380 803 397
Pedestrian 0.617368 798 389 809 409
Pedestrian 0.684872 928 407 942 421
Pedestrian 0.508312 937 401 952 419
Pedestrian 0.273776 682 424 696 440
Pedestrian 0.724245 938 439 952 456
Pedestrian 0.234273 626 447 638 463
Pedestrian 0.712849 930 446 943 465
Pedestrian 0.255684 706 493 725 519
Pedestrian 0.293097 1381 497 1399 515
Pedestrian 0.203632 707 507 725 532
Pedestrian 0.265461 668 519 684 547
Pedestrian 0.279371 621 538 637 562
Pedestrian 0.446930 683 544 699 567
Pedestrian 0.260697 698 542 718 567
Pedestrian 0.296547 551 559 568 585
Pedestrian 0.777412 565 559 583 584
Pedestrian 0.461516 653 555 673 580
Pedestrian 0.774300 596 568 616 592
