Bus 0.523298 763 649 806 786
Car 0.282388 472 63 486 74
Truck 0.689181 513 106 536 127
Bus 0.880948 519 128 548 161
Car 0.386878 615 138 628 149
Car 0.647610 656 138 669 149
Bus 0.756687 570 145 591 168
Car 0.465335 615 150 632 164
Pedestrian 0.460570 755 152 760 162
Pedestrian 0.214085 476 170 482 181
Pedestrian 0.247408 486 172 491 182
Van 0.581129 592 175 612 200
Pedestrian 0.430190 789 179 794 190
Truck 0.767227 569 191 591 226
Pedestrian 0.646810 792 202 797 214
Pedestrian 0.247117 812 202 816 213
Pedestrian 0.363878 796 207 801 218
Pedestrian 0.510511 815 213 820 224
Car 0.525881 650 302 667 327
Bus 0.995274 778 316 818 391
Car 0.762372 822 346 838 369
Pedestrian 0.494709 908 495 918 512
Pedestrian 0.486450 912 494 923 514
Pedestrian 0.278107 942 623 954 645
Car 0.606612 921 724 971 785
