Car 0.316733 513 292 520 300
Car 0.865522 484 312 492 321
Car 0.224594 475 333 484 344
Car 0.763471 491 330 499 340
Car 0.835456 471 349 479 359
Car 0.810405 469 371 478 383
Car 0.425294 513 363 522 374
Car 0.777000 471 391 481 404
Car 0.510885 463 415 473 429
Car 0.342950 361 434 383 447
Car 0.648510 295 441 317 453
Car 0.426782 317 441 340 453
Car 0.736869 438 451 450 465
Car 0.834292 474 443 484 457
Car 0.760077 436 466 448 479
Car 0.874741 458 464 469 479
Car 0.839293 436 487 449 500
Car 0.810576 461 487 473 502
Car 0.687309 108 506 140 521
Car 0.395223 127 499 152 514
Car 0.696369 186 506 220 522
Car 0.724047 230 506 261 522
Car 0.598817 409 506 423 521
Car 0.776088 436 506 449 520
Car 0.811494 466 506 479 521
Pedestrian 0.344388 558 510 564 521
Car 0.503540 85 528 121 544
Car 0.607702 99 524 130 540
Car 0.369591 168 531 201 549
Car 0.723249 173 523 212 540
Car 0.623695 211 528 243 545
Car 0.258029 291 527 319 545
Car 0.591496 382 530 397 547
Car 0.577060 409 528 424 544
Car 0.533026 436 528 451 545
Car 0.679946 465 526 481 545
Car 0.385651 525 516 540 535
Car 0.808767 76 545 111 561
Car 0.693513 156 550 192 568
Car 0.402673 205 537 241 555
Car 0.343498 265 545 296 565
Car 0.274227 386 544 400 562
Car 0.377576 406 544 421 562
Car 0.323475 434 548 449 566
Car 0.621883 465 551 481 570
Car 0.586893 54 565 89 584
Car 0.242565 65 559 101 577
Car 0.246214 149 556 185 576
Car 0.312648 244 562 281 584
Car 0.204981 361 565 379 588
Car 0.396704 383 560 396 581
Van 0.327860 412 562 428 583
Car 0.320613 432 558 449 576
Car 0.448271 48 580 83 600
Car 0.291867 356 584 375 607
Pedestrian 0.289901 386 592 392 609
Car 0.574244 408 588 425 610
Van 0.404183 525 572 542 599
Car 0.332086 110 608 139 635
Car 0.490979 160 605 187 632
Car 0.281092 194 605 220 635
Car 0.215975 383 605 396 626
Car 0.526203 429 604 446 627
Car 0.510357 453 598 470 623
Pedestrian 0.299351 1282 615 1292 629
Car 0.381415 152 616 184 652
Pedestrian 0.413094 330 622 337 638
Car 0.442505 347 617 366 646
Car 0.278054 377 615 397 639
Car 0.219300 300 645 325 672
Car 0.427200 423 644 442 673
Van 0.467057 455 639 473 670
Car 0.481715 584 645 608 669
Pedestrian 0.321480 769 649 779 665
Motor 0.378827 1182 649 1196 664
Car 0.750927 1252 647 1294 670
Motor 0.355119 1340 655 1357 668
Motor 0.235976 788 664 805 682
Pedestrian 0.368897 891 662 903 679
Motor 0.521108 1111 671 1128 687
Motor 0.635322 1133 669 1145 685
Motor 0.836862 1192 671 1208 688
Car 0.486240 357 683 377 717
Car 0.423254 385 675 405 705
Motor 0.217039 1049 694 1068 710
Motor 0.202295 1054 700 1072 717
Car 0.907305 1085 699 1132 726
Pedestrian 0.356834 109 735 121 750
Car 0.531464 435 712 460 751
Car 0.584290 467 712 495 747
Pedestrian 0.480512 546 735 556 750
Pedestrian 0.360888 299 755 307 771
Van 0.568109 348 741 372 788
Pedestrian 0.424689 612 757 621 772
Pedestrian 0.302185 33 771 44 787
Pedestrian 0.371408 307 766 315 782
Motor 0.451506 610 760 623 777
Truck 0.605506 840 743 950 805
Car 0.688248 1028 770 1074 799
Pedestrian 0.227320 1 780 8 801
Pedestrian 0.317020 256 792 266 808
Pedestrian 0.447631 289 786 298 803
Car 0.566704 369 778 394 812
Pedestrian 0.413188 286 814 294 832
Car 0.612530 846 799 895 826
Pedestrian 0.216371 186 827 195 848
Pedestrian 0.227394 219 827 228 847
Awning-tricycle 0.214964 246 810 273 849
Pedestrian 0.270446 287 819 296 840
Pedestrian 0.353690 377 825 386 844
Car 0.586529 858 821 909 851
Pedestrian 0.540856 50 847 66 869
Pedestrian 0.512265 269 853 277 872
Pedestrian 0.305417 465 845 476 863
Motor 0.211886 181 861 192 882
Pedestrian 0.374200 278 866 287 888
Van 0.418450 1338 841 1400 910
Pedestrian 0.652625 727 891 740 908
Pedestrian 0.356765 184 911 195 935
Pedestrian 0.439685 233 914 243 936
Pedestrian 0.414674 357 916 366 932
Pedestrian 0.281605 300 938 310 954
Motor 0.364934 357 922 367 945
Pedestrian 0.646225 752 937 765 953
Motor 0.312530 297 944 308 968
Motor 0.549156 750 941 767 961
Pedestrian 0.272558 956 1013 968 1036
Pedestrian 0.296958 156 1020 169 1046
Pedestrian 0.245483 277 1025 291 1044
Motor 0.405827 958 1021 969 1044
