Pedestrian 0.211567 306 195 315 211
Car 0.301167 328 192 348 211
Pedestrian 0.286383 305 203 314 217
Car 0.203176 331 205 348 221
Car 0.259405 477 251 514 275
Car 0.829697 232 292 263 318
Car 0.948586 550 287 577 306
Car 0.638192 638 358 675 381
Car 0.867027 652 369 700 393
Truck 0.738401 1173 365 1228 400
Truck 0.346434 1198 358 1239 395
Car 0.844193 699 391 741 415
Car 0.221107 722 399 762 422
Car 0.592722 1163 390 1211 421
Car 0.437455 540 413 580 449
Car 0.808530 732 410 773 435
Pedestrian 0.765644 641 444 651 460
Car 0.880914 743 429 781 456
Car 0.378743 760 435 800 461
Truck 0.340123 1312 428 1373 462
Motor 0.587177 638 449 651 467
Car 0.443869 759 447 800 473
Car 0.299277 1247 454 1299 486
Car 0.372735 1275 447 1328 478
Car 0.390125 1210 467 1257 502
Truck 0.215076 1239 464 1293 501
Truck 0.526801 599 478 661 537
Car 0.662305 1098 490 1147 524
Car 0.472903 1133 486 1181 521
Car 0.356845 1179 486 1225 524
Truck 0.239468 1203 489 1254 529
Truck 0.207490 1227 474 1311 534
Truck 0.287317 1297 471 1371 532
Car 0.782493 1133 511 1192 546
Car 0.223059 1165 511 1219 546
Truck 0.550017 877 571 911 620
Pedestrian 0.761469 967 808 979 830
Motor 0.490355 958 824 975 844
