Truck 0.679319 726 594 851 786
Pedestrian 0.415722 226 1 232 12
Pedestrian 0.547246 278 1 285 10
Pedestrian 0.203266 258 13 267 33
Pedestrian 0.565050 268 12 275 28
Truck 0.591639 922 2 976 71
Car 0.234461 67 41 85 65
Car 0.269799 78 40 97 66
Car 0.325759 56 58 67 78
Pedestrian 0.341992 1088 72 1096 91
Bus 0.629060 105 69 144 135
Pedestrian 0.869946 70 99 78 119
Pedestrian 0.356808 35 125 45 143
Pedestrian 0.871403 340 123 348 140
Pedestrian 0.829184 41 130 50 150
Pedestrian 0.479035 166 193 174 207
Pedestrian 0.610171 1222 228 1234 248
Pedestrian 0.542377 1236 225 1249 248
Pedestrian 0.822595 1221 242 1233 262
Pedestrian 0.649071 1240 239 1253 260
Pedestrian 0.227215 1263 238 1277 259
Pedestrian 0.570219 1251 269 1266 287
Pedestrian 0.788754 1264 268 1279 285
Pedestrian 0.258269 50 342 63 363
Pedestrian 0.853712 35 373 48 394
Pedestrian 0.802743 172 392 183 408
Pedestrian 0.683235 197 397 207 412
Pedestrian 0.852013 196 405 206 422
Pedestrian 0.747844 130 426 143 445
Pedestrian 0.879349 199 419 210 437
Pedestrian 0.844010 156 447 169 468
Pedestrian 0.467486 195 473 206 491
Pedestrian 0.915207 198 480 208 501
Car 0.998375 415 517 452 586
Car 0.986621 289 566 329 639
Car 0.993079 458 640 495 726
