Bus 0.398472 577 -1 616 15
Car 0.245086 549 61 568 80
Car 0.292331 544 69 563 89
Bus 0.710003 832 58 855 107
Car 0.927687 639 81 655 107
Van 0.296252 258 118 275 148
Car 0.983783 764 128 778 164
Car 0.961685 705 168 720 198
Car 0.862041 617 194 633 221
Van 0.784726 546 240 567 266
Car 0.897443 359 252 377 282
Van 0.716970 758 263 774 297
Car 0.983667 464 295 496 313
Car 0.974492 703 298 718 331
Van 0.350622 693 377 709 407
Van 0.507508 82 386 140 415
Van 0.792146 780 426 798 459
Pedestrian 0.695699 1353 522 1364 529
Pedestrian 0.303210 1357 535 1367 543
Pedestrian 0.276383 1349 550 1359 557
Car 0.863908 813 638 838 676
Truck 0.917019 1274 656 1385 685
Car 0.947136 650 688 674 727
Car 0.578853 775 727 798 762
Car 0.822015 807 752 830 786
