Van 0.913662 1510 141 1575 170
Car 0.946618 1323 176 1357 216
Car 0.680654 1382 182 1414 224
Car 0.872890 1533 261 1600 295
Car 0.895513 1414 286 1453 340
Van 0.773692 873 341 960 388
Car 0.794664 1102 445 1152 499
Car 0.477836 1400 458 1486 512
Motor 0.487755 1345 496 1364 521
Car 0.263577 1018 514 1084 579
Car 0.981189 1166 516 1223 578
Car 0.921767 929 562 999 648
Pedestrian 0.282008 1051 678 1067 707
Car 0.987070 1065 668 1136 760
Car 0.797102 1297 676 1386 741
Car 0.971485 1201 810 1295 906
Car 0.801728 704 924 800 1009
