Van 0.955383 1005 253 1115 376
Van 0.943746 543 383 615 540
Car 0.810854 999 464 1126 595
Van 0.916338 325 513 421 705
Car 0.963370 540 584 630 801
Car 0.751555 684 712 787 977
Car 0.976808 272 736 410 973
Van 0.988588 1170 770 1371 983
Car 0.376285 539 859 660 1049
Car 0.955248 1094 833 1295 1044
Pedestrian 0.376938 707 0 719 15
Pedestrian 0.789450 896 1 908 26
Pedestrian 0.316560 924 2 937 25
Pedestrian 0.386207 815 13 830 49
Pedestrian 0.287848 841 15 854 50
Pedestrian 0.586531 862 16 872 52
Pedestrian 0.835940 923 8 935 48
Pedestrian 0.263218 911 33 924 67
Car 0.643418 792 49 836 106
Pedestrian 0.405268 885 53 900 87
Car 0.850135 697 61 747 108
Motor 0.368218 891 69 908 104
Van 0.642641 820 84 885 176
Pedestrian 0.257744 997 138 1017 175
Motor 0.207076 245 159 274 193
Motor 0.304419 374 154 411 183
Pedestrian 0.658393 977 147 995 182
Motor 0.220722 344 181 389 210
Pedestrian 0.304397 859 171 880 213
Pedestrian 0.852062 1050 167 1070 216
Motor 0.296126 256 190 300 218
Pedestrian 0.645055 954 187 974 228
Motor 0.260767 347 232 390 264
Car 0.877924 781 244 848 326
Pedestrian 0.308886 1189 278 1217 316
Car 0.776467 905 288 997 370
Car 0.397797 972 384 1064 455
Motor 0.793062 42 634 132 678
Motor 0.894897 14 749 62 833
Pedestrian 0.496259 235 846 276 886
