Bus 0.796012 758 414 843 497
Van 0.474820 619 5 633 30
Car 0.972797 730 46 746 69
Car 0.552079 744 101 758 129
Pedestrian 0.264324 528 117 534 135
Pedestrian 0.762742 516 140 521 151
Bus 0.915405 534 105 563 176
Car 0.965491 716 126 731 150
Bus 0.923154 525 174 553 259
Car 0.972019 559 246 576 275
Car 0.991661 703 259 719 290
Car 0.818452 72 339 125 365
Car 0.497315 135 341 183 365
Car 0.515291 199 351 237 384
Pedestrian 0.791178 868 368 876 381
Pedestrian 0.295737 870 373 878 385
Pedestrian 0.712939 1196 381 1204 396
Car 0.370549 10 383 66 409
Car 0.697110 87 388 138 416
Car 0.865369 217 383 247 424
Car 0.898667 952 398 996 415
Pedestrian 0.517449 435 408 444 423
Car 0.887041 1060 411 1110 434
Car 0.667104 123 413 164 456
Pedestrian 0.202694 309 417 316 434
Bus 0.950534 902 409 1026 460
Van 0.711040 215 424 251 478
Car 0.846292 119 457 154 508
Car 0.970405 154 461 190 513
Pedestrian 0.243645 288 479 297 494
Pedestrian 0.270332 448 484 455 501
Pedestrian 0.203677 434 498 441 513
Car 0.965313 182 492 220 545
Pedestrian 0.676244 435 520 442 534
Truck 0.592340 685 468 716 564
Car 0.964932 89 511 130 563
Pedestrian 0.648216 393 548 401 565
Pedestrian 0.890287 391 556 399 574
Car 0.728615 135 554 185 612
Pedestrian 0.864330 389 586 398 604
Car 0.959809 691 636 716 701
