Car 0.322046 743 324 749 331
Car 0.564754 739 337 744 344
Car 0.670014 737 353 743 360
Car 0.639876 754 349 761 356
Car 0.537137 717 370 724 379
Car 0.806059 735 364 741 372
Car 0.621046 713 377 719 386
Van 0.554243 736 384 744 396
Car 0.457056 708 395 716 406
Van 0.534609 737 413 744 425
Car 0.594031 690 421 698 430
Car 0.684339 736 431 743 442
Bus 0.648469 670 438 689 465
Car 0.951785 718 445 726 456
Car 0.873209 741 462 750 474
Car 0.403480 729 464 738 477
Car 0.830827 651 481 664 492
Car 0.869391 614 499 630 512
Car 0.975702 745 503 757 516
Car 0.835025 731 518 743 532
Car 0.513175 744 535 757 553
Car 0.972313 725 568 743 585
Car 0.292539 688 601 705 621
Pedestrian 0.206640 877 608 882 620
Car 0.974272 798 693 820 720
Car 0.984968 700 741 720 765
Bus 0.261525 642 741 666 781
