Car 0.264891 628 19 638 28
Car 0.253159 583 48 597 57
Car 0.435679 588 42 603 51
Car 0.380802 625 42 639 51
Car 0.466812 495 65 513 75
Car 0.651752 576 58 589 68
Car 0.845033 581 76 594 88
Car 0.813459 599 104 611 117
Car 0.926639 572 130 585 143
Car 0.937638 481 149 497 163
Car 0.968486 505 156 521 169
Car 0.201010 611 146 622 160
Car 0.929691 561 179 575 197
Car 0.961910 510 196 526 211
Car 0.470801 568 201 583 217
Car 0.875152 590 196 607 214
Car 0.709863 576 206 591 223
Car 0.798849 645 213 667 236
Car 0.984227 548 227 567 244
Car 0.710244 590 237 611 259
Car 0.902443 625 251 648 272
Car 0.972234 634 427 662 454
Car 0.991199 673 429 705 459
Car 0.949756 955 516 1006 557
Car 0.992525 702 677 742 736
