Bus 0.879888 1040 34 1197 107
Bus 0.969933 1170 160 1311 257
Bus 0.974493 -10 509 157 611
Pedestrian 0.286393 1351 1 1360 11
Pedestrian 0.850033 1328 17 1340 37
Pedestrian 0.234783 1010 44 1020 61
Car 0.981027 751 61 776 106
Pedestrian 0.402423 1221 154 1230 170
Pedestrian 0.240965 1235 151 1245 167
Pedestrian 0.318636 1217 162 1227 180
Pedestrian 0.831926 242 375 252 396
Pedestrian 0.337524 163 399 174 416
Pedestrian 0.954938 205 392 216 409
Pedestrian 0.699334 198 410 208 426
Pedestrian 0.759556 499 405 509 425
Pedestrian 0.862535 314 426 322 444
Pedestrian 0.892057 300 441 308 458
Pedestrian 0.338354 302 446 311 464
Pedestrian 0.277683 320 449 328 467
Pedestrian 0.820974 687 455 697 474
Car 0.997769 978 498 1053 544
Car 0.547916 578 520 610 550
Car 0.613756 -1 611 61 654
Car 0.453753 854 627 897 714
Van 0.888779 552 736 633 781
