Bus 0.709448 432 69 493 222
Bus 0.947989 650 74 738 192
Truck 0.255182 121 90 177 256
Bus 0.885381 567 103 640 226
Truck 0.525230 63 131 131 278
Bus 0.383241 198 118 252 290
Bus 0.861342 43 322 231 394
Car 0.218203 1342 1 1373 15
Car 0.234563 1371 0 1395 11
Pedestrian 0.252202 1117 16 1128 36
Pedestrian 0.289938 1185 9 1196 28
Pedestrian 0.203761 1355 13 1367 32
Motor 0.206277 1089 23 1103 42
Pedestrian 0.326644 1112 29 1124 50
Pedestrian 0.540512 1246 43 1257 66
Pedestrian 0.309219 1309 40 1321 61
Pedestrian 0.284406 1343 47 1356 66
Pedestrian 0.296885 1037 87 1050 106
Pedestrian 0.365717 1045 85 1060 105
Bus 0.372683 202 72 250 152
Pedestrian 0.701237 767 137 780 158
Bus 0.508338 374 108 416 210
Bus 0.332125 443 99 488 216
Bus 0.256222 337 126 378 220
Pedestrian 0.212040 743 181 755 199
Pedestrian 0.390958 752 182 765 200
Pedestrian 0.434965 756 192 769 212
Bus 0.328315 200 157 240 277
Pedestrian 0.279818 482 238 495 252
Pedestrian 0.258920 456 253 469 270
Pedestrian 0.273152 1064 610 1073 623
