Car 0.461315 465 0 483 10
Car 0.366156 533 0 554 9
Car 0.796728 1106 0 1122 6
Car 0.407261 491 11 514 26
Car 0.426972 503 16 527 33
Car 0.452764 1100 48 1115 66
Car 0.653544 1060 63 1075 81
Pedestrian 0.242726 601 81 607 92
Car 0.601693 1076 71 1093 93
Car 0.375691 1230 70 1258 86
Car 0.436685 1135 92 1163 110
Motor 0.233348 925 104 931 111
Car 0.620116 1131 104 1156 122
Van 0.354367 457 117 480 134
Car 0.866296 1044 112 1060 135
Car 0.910480 480 132 509 149
Car 0.389930 978 130 997 148
Bus 0.962495 528 150 579 191
Van 0.699473 580 187 617 213
Car 0.621298 611 189 644 210
Car 0.655507 978 192 990 211
Car 0.949663 759 220 785 238
Car 0.911332 783 221 806 238
Car 0.762193 964 228 980 254
Car 0.817316 784 236 808 253
Pedestrian 0.280488 841 265 846 276
Car 0.514498 1049 272 1078 291
Pedestrian 0.336957 948 290 956 300
Bus 0.868839 1002 283 1047 319
Car 0.239771 460 318 485 340
Car 0.689613 500 310 528 330
Car 0.847866 949 312 978 332
Car 0.277144 963 314 992 334
Car 0.678400 995 327 1027 344
Car 0.854181 459 355 491 378
Bus 0.587030 1362 369 1403 399
Van 0.478622 986 451 1030 476
Car 0.741138 128 469 155 492
Car 0.774063 867 501 892 531
Car 0.453825 216 555 240 586
Car 0.828043 193 567 215 600
Car 0.204075 209 565 230 590
Truck 0.226716 66 568 109 620
Car 0.772117 146 586 170 618
Car 0.904844 167 577 189 612
Car 0.990494 807 593 831 627
Pedestrian 0.289722 654 774 664 784
