Pedestrian 0.372318 675 13 680 29
Pedestrian 0.212228 250 62 259 76
Pedestrian 0.518250 851 182 861 200
Pedestrian 0.455182 866 181 876 200
Pedestrian 0.301883 440 192 447 210
Car 0.975441 614 180 670 223
Pedestrian 0.880670 413 226 421 247
Pedestrian 0.952017 272 242 282 262
Pedestrian 0.446607 395 233 404 253
Car 0.589372 477 243 508 285
Pedestrian 0.634487 392 272 401 290
Pedestrian 0.977034 404 267 413 288
Pedestrian 0.948451 335 343 346 364
Pedestrian 0.826634 361 362 371 381
Pedestrian 0.669177 286 381 298 402
Pedestrian 0.758751 298 381 309 403
Pedestrian 0.237055 302 384 313 406
Pedestrian 0.970494 310 448 322 473
Truck 0.329511 673 404 704 530
Van 0.980115 887 414 939 501
Pedestrian 0.659229 1117 546 1130 565
Pedestrian 0.444663 1112 553 1127 572
