Car 0.296508 760 36 769 47
Car 0.238073 760 42 769 52
Car 0.750872 767 59 777 68
Car 0.952283 729 90 741 99
Car 0.962986 784 89 795 100
Car 0.964414 715 118 728 130
Car 0.756438 784 129 798 141
Car 0.428850 805 170 822 184
Car 0.687588 675 184 692 199
Car 0.392631 848 197 862 214
Car 0.882457 739 213 756 233
Car 0.637705 806 237 819 250
Car 0.971094 791 252 805 268
Car 0.476852 748 281 770 308
Car 0.946781 823 280 841 297
Car 0.994180 602 318 629 339
Car 0.997090 809 320 826 338
Car 0.941351 799 351 819 373
Car 0.991382 993 411 1025 445
Car 0.949263 1062 526 1108 567
