Car 0.896201 612 1 658 21
Car 0.773761 652 0 698 12
Truck 0.443934 1567 0 1630 15
Car 0.765594 515 10 555 56
Car 0.936795 550 7 596 49
Motor 0.564585 455 48 474 68
Motor 0.421144 446 56 464 77
Pedestrian 0.637169 790 124 804 150
Car 0.972509 808 109 865 151
Car 0.212405 228 127 299 177
Car 0.970559 705 153 762 199
Motor 0.313037 114 185 134 205
Car 0.995238 565 169 629 209
Car 0.925114 670 167 726 215
Car 0.915041 266 199 342 243
Car 0.960519 595 199 644 243
Car 0.367825 282 217 361 262
Car 0.922923 810 216 871 269
Car 0.979494 128 250 210 293
Pedestrian 0.866693 552 266 567 290
Van 0.933667 1306 285 1366 343
Car 0.962639 1217 342 1267 407
Car 0.801274 1071 434 1123 481
Car 0.997426 1081 586 1175 632
Car 0.997577 1035 628 1126 709
Van 0.799352 1834 681 1911 783
Motor 0.419118 1743 760 1778 795
Motor 0.390816 1755 762 1794 801
Car 0.241759 1156 765 1232 839
Car 0.972458 1717 797 1834 892
Car 0.991312 1200 882 1300 977
Pedestrian 0.576808 1859 908 1882 936
Pedestrian 0.391084 1881 911 1904 936
Pedestrian 0.428908 1891 929 1911 953
Motor 0.873650 1619 953 1650 983
Van 0.959728 1337 933 1424 1027
Car 0.751642 1372 1028 1480 1080
