Bus 0.206981 1124 274 1309 341
Bus 0.207289 752 14 772 40
Bus 0.475722 735 17 758 47
Car 0.869186 734 59 747 72
Car 0.286523 899 59 918 71
Car 0.307542 688 92 702 106
Car 0.896801 849 93 862 107
Car 0.583247 688 111 703 125
Pedestrian 0.365379 650 121 655 130
Pedestrian 0.277426 659 136 664 146
Pedestrian 0.402608 683 135 689 146
Truck 0.391938 669 188 694 226
Pedestrian 0.431808 545 233 551 247
Pedestrian 0.576555 524 240 531 253
Van 0.985578 617 239 639 265
Car 0.986992 773 237 790 258
Pedestrian 0.827811 499 269 506 284
Pedestrian 0.982102 522 273 529 288
Van 0.956285 798 272 818 298
Pedestrian 0.560329 493 285 499 300
Bus 0.200896 992 276 1078 311
Pedestrian 0.306501 1329 292 1340 308
Pedestrian 0.809441 503 299 509 315
Bus 0.615930 1160 284 1287 330
Pedestrian 0.261861 1332 296 1343 312
Pedestrian 0.328532 403 377 411 394
Pedestrian 0.342206 414 433 423 451
Pedestrian 0.346165 1025 540 1034 564
Pedestrian 0.916046 906 614 917 640
Pedestrian 0.566794 278 638 290 655
Pedestrian 0.893324 930 678 940 702
Pedestrian 0.252740 123 698 139 721
Pedestrian 0.447004 246 699 257 718
Pedestrian 0.203121 129 702 143 724
Pedestrian 0.874992 178 721 191 744
Pedestrian 0.907396 194 725 206 745
Pedestrian 0.888317 211 725 224 744
Car 0.895845 391 767 424 786
