Van 0.695189 539 0 572 37
Truck 0.800923 170 53 279 85
Bus 0.989616 295 58 396 90
Pedestrian 0.313004 571 95 577 108
Car 0.907309 206 139 249 157
Car 0.925173 281 144 328 161
Van 0.483607 55 187 100 212
Car 0.937513 563 200 604 219
Bus 0.976249 817 189 937 231
Car 0.993063 422 208 463 228
Car 0.966785 15 222 60 243
Car 0.928295 174 227 216 252
Car 0.760446 109 239 155 264
Car 0.939578 62 257 116 278
Car 0.515872 546 293 578 310
Car 0.944174 110 295 154 316
Car 0.992671 1105 294 1151 313
Car 0.991557 142 327 187 349
Car 0.926081 738 339 784 359
Car 0.993104 683 361 730 381
Car 0.994150 787 420 834 439
Car 0.977795 926 470 971 489
Car 0.636551 160 478 196 508
Car 0.960954 1317 486 1368 506
Car 0.971986 672 523 716 545
Car 0.293750 1385 528 1398 541
Car 0.938653 324 542 368 568
Car 0.937892 1189 548 1237 569
Van 0.234713 1391 555 1400 584
Bus 0.515826 1319 600 1397 632
Car 0.847406 209 608 250 645
Car 0.990929 485 611 530 638
Car 0.969522 427 633 472 664
Van 0.785098 998 648 1072 675
Van 0.702852 283 651 304 693
Truck 0.639582 438 643 542 702
Car 0.964911 497 693 541 724
Van 0.933836 450 730 483 767
Car 0.856329 477 751 511 785
Car 0.682031 314 772 350 787
