Car 0.227753 610 6 621 15
Car 0.203978 625 7 634 14
Car 0.817792 689 4 697 13
Car 0.310388 637 14 647 21
Car 0.525071 651 18 660 27
Car 0.501530 689 15 699 24
Car 0.842530 664 28 675 38
Car 0.856311 674 33 684 43
Car 0.382360 106 109 135 124
Car 0.263833 161 110 190 123
Car 0.266677 261 111 292 125
Car 0.306112 59 120 90 133
Car 0.211113 110 118 142 134
Car 0.264454 133 120 159 134
Car 0.364893 162 124 190 138
Car 0.440764 182 123 218 137
Car 0.210540 204 124 241 139
Car 0.385191 341 120 382 134
Car 0.295702 109 133 145 147
Car 0.333723 498 140 517 157
Car 0.389922 74 167 121 185
Car 0.573522 402 193 423 217
Car 0.503366 260 208 301 231
Car 0.670328 293 210 328 233
Car 0.516435 246 224 286 244
Car 0.581159 375 218 403 242
Car 0.289769 172 237 211 260
Car 0.524786 285 242 321 266
Car 0.495149 362 238 398 264
Car 0.916475 406 230 436 255
Van 0.507397 106 241 165 276
Car 0.331250 256 247 303 272
Car 0.803405 365 249 404 275
Car 0.353383 1 268 27 297
Car 0.352368 36 266 87 291
Car 0.765653 157 266 202 293
Van 0.307274 299 261 355 303
Car 0.905214 570 270 598 295
Car 0.444547 0 277 19 304
Car 0.707680 160 292 219 324
Car 0.619300 -2 311 23 336
Car 0.445339 84 310 147 346
Car 0.382098 0 326 24 357
Car 0.246545 3 331 80 373
Car 0.953154 521 414 557 456
Car 0.389771 126 434 165 487
Car 0.957631 575 444 610 490
Car 0.820498 134 467 178 522
Van 0.439936 28 499 84 553
Pedestrian 0.215020 17 530 29 556
Car 0.994251 560 572 603 635
