Car 0.537211 645 621 678 634
Car 0.410405 665 624 700 636
Car 0.642547 779 623 800 634
Car 0.673953 919 634 939 645
Car 0.645528 975 635 996 646
Car 0.453115 990 637 1013 650
Car 0.392864 923 643 948 655
Car 0.927571 944 650 972 661
Car 0.418917 967 650 990 662
Car 0.839407 998 645 1021 657
Car 0.935903 1023 649 1044 663
Car 0.837652 1048 649 1069 661
Car 0.854672 1077 653 1100 665
Car 0.212174 948 664 970 677
Car 0.899202 963 665 992 679
Car 0.904612 1049 666 1078 680
Car 0.796114 1077 664 1107 677
Car 0.858376 1099 665 1130 678
Car 0.697565 1128 666 1159 679
Car 0.907329 1156 667 1187 679
Car 0.699016 1181 668 1211 680
Car 0.758413 1212 668 1242 680
Car 0.803867 1237 670 1267 682
Car 0.463781 1260 673 1291 685
Car 0.243028 1287 687 1326 700
