Van 0.247940 71 203 107 215
Truck 0.522781 1337 186 1359 214
Van 0.622922 1323 222 1343 249
Car 0.322080 316 247 340 259
Car 0.841298 508 258 530 272
Van 0.417450 548 257 569 271
Van 0.235953 587 259 604 272
Van 0.482596 651 252 672 269
Van 0.235081 684 256 704 272
Car 0.375036 105 269 127 279
Car 0.444112 538 276 563 293
Motor 0.413561 146 294 158 302
Van 0.671134 49 305 78 319
Car 0.501349 374 302 395 315
Car 0.876234 617 304 645 319
Car 0.633397 408 320 437 334
Car 0.823387 703 314 731 328
Car 0.304190 839 322 867 335
Car 0.558198 152 328 178 341
Van 0.744394 243 328 273 341
Car 0.896370 610 329 635 343
Car 0.938205 716 333 745 346
Car 0.967305 781 334 815 348
Car 0.346391 88 345 113 355
Van 0.398604 358 353 397 368
Car 0.362333 520 347 562 357
Car 0.924713 679 349 709 364
Car 0.864792 968 342 997 355
Car 0.635683 842 357 875 371
Car 0.587169 75 377 103 389
Car 0.761394 895 378 929 390
Car 0.560084 1228 380 1257 394
Car 0.851724 56 395 88 407
Car 0.799145 291 391 318 406
Car 0.376387 1039 394 1077 409
Car 0.899602 1188 393 1220 407
Car 0.898783 1295 391 1329 405
Car 0.937498 1350 411 1379 429
Van 0.691291 118 429 145 445
Van 0.203376 820 421 850 434
Van 0.272681 195 435 228 449
Car 0.314696 402 450 419 460
Car 0.518650 516 457 542 470
Car 0.542963 653 470 685 483
Car 0.900437 509 483 535 495
Van 0.645137 675 492 708 506
Car 0.800681 905 492 939 504
Car 0.478959 574 504 606 518
Car 0.505766 1055 505 1092 520
Van 0.487560 691 512 722 523
Van 0.550385 914 515 945 528
Truck 0.883179 1240 520 1335 542
Car 0.948748 1314 550 1356 564
