Car 0.716373 704 0 721 5
Car 0.252703 971 12 990 27
Car 0.753055 1375 89 1391 104
Car 0.434660 726 120 743 134
Car 0.925795 781 118 817 133
Car 0.201565 795 116 830 131
Car 0.385653 731 137 749 153
Car 0.558328 734 146 750 163
Car 0.668815 783 152 811 166
Car 0.394829 737 167 752 189
Car 0.821965 784 164 811 180
Others 0.301645 833 167 857 193
Car 0.266094 950 181 976 206
Car 0.422776 816 192 839 213
Car 0.210622 843 220 868 244
Car 0.831612 762 233 778 260
Car 0.868075 784 232 801 259
Car 0.651935 1288 260 1318 280
Car 0.418502 1303 291 1331 311
Car 0.519779 1306 300 1336 322
Car 0.623282 597 306 615 331
Car 0.723987 1311 316 1340 338
Car 0.883632 93 422 131 438
Car 0.539114 147 432 185 449
Bus 0.224941 603 433 626 496
Car 0.617234 342 515 367 539
Bus 0.763223 623 492 658 556
Car 0.905925 676 503 692 532
Car 0.589958 379 522 405 545
Car 0.355761 72 683 102 705
Car 0.213495 1146 776 1192 786
Car 0.227587 1185 775 1214 787
Van 0.260810 1235 763 1274 787
