Car 0.680695 795 0 804 6
Car 0.752869 812 2 821 10
Car 0.727351 805 17 815 29
Car 0.305258 751 90 769 111
Car 0.938720 761 105 777 121
Car 0.975877 757 134 773 150
Car 0.913656 732 148 748 165
Car 0.587497 752 164 769 183
Car 0.811177 698 238 719 257
Car 0.803756 718 236 738 257
Car 0.990404 793 254 815 282
Truck 0.392810 895 250 938 272
Van 0.502744 654 324 679 354
Car 0.981174 692 321 717 348
Car 0.996803 804 383 832 417
Car 0.953294 632 399 659 433
Truck 0.950290 604 493 659 592
Car 0.938982 556 526 597 570
Car 0.712247 713 616 761 679
Car 0.977538 555 658 599 717
Car 0.360218 502 775 557 787
