Car 0.591771 1365 65 1411 95
Car 0.931474 1585 53 1636 82
Car 0.702999 604 82 637 107
Car 0.621342 692 72 748 104
Car 0.558138 1403 97 1451 120
Car 0.427841 597 119 637 142
Car 0.278837 616 137 661 166
Pedestrian 0.468431 772 176 784 203
Car 0.541991 164 225 227 286
Car 0.947409 722 232 753 275
Car 0.782166 1708 241 1763 287
Car 0.989660 743 347 787 395
Car 0.982012 1825 326 1902 386
Car 0.983805 759 406 799 466
Car 0.987788 796 552 844 628
Car 0.807316 -1 614 50 696
Van 0.475545 798 614 843 685
Car 0.916631 869 773 933 892
