Car 0.468852 363 33 383 43
Car 0.349667 370 32 389 42
Car 0.772022 433 27 451 38
Car 0.420291 457 32 476 42
Car 0.514928 514 41 534 52
Car 0.950653 544 41 567 53
Car 0.790341 633 78 651 96
Car 0.516025 660 106 678 125
Truck 0.662586 726 137 751 168
Bus 0.958944 695 149 723 192
Bus 0.921973 627 159 668 211
Van 0.841756 772 191 796 214
Car 0.974871 717 250 739 274
Car 0.854007 752 253 778 277
Car 0.987412 306 278 348 295
Car 0.957221 406 303 457 322
Car 0.820188 782 293 816 317
Car 0.993833 664 311 716 333
Car 0.959317 1138 361 1201 387
Van 0.910860 493 525 556 570
Bus 0.950371 755 575 795 695
Pedestrian 0.282652 396 649 406 668
Pedestrian 0.460162 406 649 416 667
Bus 0.842793 579 616 625 731
Car 0.971569 445 663 486 727
Pedestrian 0.864817 986 703 997 729
Pedestrian 0.867180 975 739 987 766
Van 0.262278 408 770 460 787
