Car 0.226850 7 231 23 244
Car 0.278751 3 250 18 265
Car 0.316136 3 269 16 287
Car 0.399461 785 442 816 466
Car 0.582623 820 441 849 465
Car 0.933088 849 436 885 461
Car 0.960200 915 428 948 453
Car 0.844570 914 469 958 493
Car 0.897928 1325 485 1364 504
Car 0.885025 1224 497 1268 521
Car 0.545251 1399 491 1430 511
Car 0.931085 847 515 871 540
Car 0.225805 1330 515 1359 531
Truck 0.228504 1104 543 1211 597
Van 0.399380 1221 546 1262 579
Car 0.937111 1027 585 1071 612
Car 0.675989 1232 568 1278 600
Car 0.908708 950 605 987 633
Motor 0.428422 1192 597 1209 610
Car 0.863563 1076 610 1129 643
Car 0.270235 1298 612 1344 646
Truck 0.495070 1306 613 1360 648
Awning-tricycle 0.285527 1025 630 1066 663
Awning-tricycle 0.746357 1133 634 1174 669
Truck 0.552257 1258 646 1350 713
Pedestrian 0.768391 1009 695 1023 709
Van 0.900766 811 681 877 729
Motor 0.924260 1002 700 1020 716
Car 0.975602 729 793 802 840
Car 0.419296 661 827 722 868
Car 0.988363 206 862 306 913
Van 0.971695 521 858 619 913
Van 0.498488 863 897 942 950
Pedestrian 0.337049 1462 976 1479 1000
Car 0.933429 1103 960 1186 1039
Car 0.473657 236 1052 314 1078
Car 0.410671 1000 1053 1109 1077
