Bus 0.366854 574 606 631 722
Car 0.223442 635 0 649 9
Car 0.603193 649 5 664 17
Car 0.293361 673 1 687 7
Car 0.879875 677 16 693 30
Car 0.615022 670 29 685 42
Car 0.636093 696 35 713 50
Car 0.626990 729 27 747 41
Car 0.651685 703 45 718 59
Car 0.816281 729 46 743 60
Car 0.873377 748 47 766 62
Car 0.506997 667 53 683 70
Car 0.983956 755 77 771 93
Car 0.992557 675 90 692 106
Car 0.723330 756 110 775 128
Car 0.672668 637 153 653 169
Car 0.658404 663 163 685 194
Car 0.995461 738 162 759 185
Truck 0.806893 770 201 803 257
Bus 0.253157 66 231 173 272
Car 0.931001 661 238 681 259
Car 0.979796 695 242 719 264
Car 0.773265 822 263 844 292
Car 0.935012 758 278 782 308
Car 0.994680 704 339 729 368
Car 0.985747 852 339 882 375
Car 0.946797 659 349 685 380
Car 0.883288 826 398 863 445
Car 0.838566 722 467 750 504
Van 0.760201 302 557 349 615
Van 0.307041 260 558 303 634
Car 0.994022 663 571 702 625
Car 0.967617 956 624 1016 701
