Car 0.323691 744 271 750 277
Car 0.226874 788 291 796 299
Car 0.442023 786 311 794 319
Car 0.687012 810 346 820 355
Car 0.904825 813 386 824 397
Pedestrian 0.822295 762 412 767 422
Awning-tricycle 0.390812 734 423 744 439
Car 0.857176 688 463 706 481
Car 0.233005 695 467 713 486
Car 0.783315 803 473 820 491
Pedestrian 0.829622 37 486 47 499
Pedestrian 0.556707 649 491 655 502
Car 0.861084 702 480 721 500
Pedestrian 0.535639 887 485 895 496
Car 0.816984 708 499 728 517
Pedestrian 0.442622 738 514 750 529
Car 0.934203 783 499 800 519
Motor 0.625120 479 522 493 534
Pedestrian 0.916219 612 534 620 546
Pedestrian 0.354954 617 536 625 549
Motor 0.429312 736 519 746 532
Pedestrian 0.551134 878 529 886 542
Pedestrian 0.312002 942 535 954 548
Pedestrian 0.878026 606 553 616 566
Pedestrian 0.858998 621 544 630 556
Car 0.931186 667 534 692 557
Car 0.911166 774 537 795 563
Awning-tricycle 0.509147 852 549 866 571
Pedestrian 0.722847 500 568 510 584
Motor 0.660575 602 559 612 573
Pedestrian 0.874872 1028 569 1039 584
Car 0.419162 1071 553 1113 580
Pedestrian 0.234905 1297 577 1309 589
Car 0.987751 664 574 693 605
Car 0.930215 729 579 755 608
Car 0.586287 857 582 886 603
Pedestrian 0.391991 1227 591 1241 604
Pedestrian 0.510544 1294 582 1310 596
Van 0.649402 792 607 819 645
Pedestrian 0.742224 839 629 848 645
Pedestrian 0.389670 864 629 872 645
Car 0.944789 662 626 694 666
Pedestrian 0.876965 838 651 847 668
Pedestrian 0.948027 873 652 881 668
Pedestrian 0.945886 949 646 959 665
Car 0.963036 745 650 770 684
Pedestrian 0.696037 847 669 856 683
Bike 0.251128 872 660 880 675
Motor 0.825672 852 680 862 698
Car 0.980062 572 697 616 751
Pedestrian 0.792187 838 717 847 733
Motor 0.874488 838 722 848 741
Car 0.987335 729 725 765 775
Motor 0.725826 815 740 827 761
Pedestrian 0.982432 951 768 960 795
Car 0.983623 595 755 638 821
Pedestrian 0.937860 222 913 239 955
Pedestrian 0.777150 324 971 341 999
Motor 0.933005 321 979 342 1013
Pedestrian 0.976481 954 979 971 1022
Car 0.955139 487 973 549 1049
