Car 0.414935 201 2 214 9
Car 0.246691 252 2 266 9
Car 0.922105 178 29 192 38
Car 0.787878 269 51 285 61
Car 0.939779 182 61 198 72
Car 0.832043 266 82 284 92
Car 0.296192 227 91 246 104
Car 0.600283 238 87 260 99
Car 0.233964 317 92 338 104
Car 0.956979 213 102 232 114
Car 0.886240 268 115 291 130
Car 0.313013 338 142 363 158
Car 0.542219 469 133 492 148
Car 0.902900 344 172 368 186
Car 0.960868 592 180 620 200
Car 0.994453 454 192 480 210
Car 0.779787 655 242 687 269
Car 0.954411 731 427 766 458
Car 0.978429 964 476 1017 520
Car 0.941736 897 600 947 650
Car 0.990035 971 619 1029 673
