Bus 0.434095 643 218 702 341
Truck 0.486218 702 -1 736 28
Van 0.876769 762 70 796 101
Van 0.525813 693 100 722 135
Car 0.532465 862 149 893 179
Pedestrian 0.373867 356 181 364 198
Van 0.576028 214 189 246 222
Van 0.753540 743 184 774 221
Pedestrian 0.256826 334 212 342 226
Bus 0.259670 650 209 689 315
Pedestrian 0.920158 1032 286 1043 305
Car 0.978036 279 298 356 333
Car 0.928194 1207 379 1294 411
Car 0.991353 1269 415 1359 452
Pedestrian 0.312550 314 463 327 481
Pedestrian 0.916725 307 499 320 516
Van 0.648659 13 585 79 650
Pedestrian 0.250143 1181 626 1197 651
Pedestrian 0.690907 484 749 500 780
