Truck 0.798640 716 69 826 164
Bus 0.597558 1130 42 1256 174
Van 0.444954 1050 87 1145 195
Truck 0.709280 963 113 1051 232
Truck 0.732572 1003 101 1098 218
Car 0.353187 451 149 528 238
Truck 0.641104 883 138 996 269
Car 0.265348 667 180 769 265
Truck 0.917734 34 219 189 354
Car 0.540073 728 267 802 356
Car 0.958639 828 262 906 355
Car 0.595517 643 309 706 399
Car 0.392710 684 292 744 390
Truck 0.952615 65 363 222 503
Van 0.953737 630 400 696 496
Van 0.965979 592 413 660 509
Car 0.945072 276 460 385 542
Truck 0.850496 101 476 268 635
Van 0.936397 708 570 801 645
Van 0.897364 1146 569 1247 646
Car 0.513146 772 647 890 739
Car 0.691171 873 662 979 743
Truck 0.269912 415 701 586 783
Car 0.244574 10 -1 128 39
Car 0.309811 493 -1 558 43
Car 0.844278 512 6 583 63
Van 0.539486 614 0 660 64
Car 0.873485 540 27 606 89
Car 0.614542 344 53 400 119
Car 0.669205 554 54 624 120
Car 0.651274 293 66 357 140
Van 0.343999 656 67 704 129
Car 0.957190 577 90 645 148
Car 0.395376 142 104 224 153
Car 0.862546 597 118 666 177
Van 0.871798 27 153 121 219
Car 0.943586 446 150 507 224
Car 0.584920 615 153 691 221
Car 0.678549 644 169 714 240
Van 0.982625 434 221 495 301
Car 0.710313 707 280 766 361
Car 0.934836 663 298 730 378
Car 0.685052 624 317 696 395
Car 0.917883 814 312 887 401
Car 0.459173 1171 321 1280 391
Car 0.702464 753 347 812 433
Car 0.910489 1032 408 1110 465
Van 0.539244 1237 405 1341 467
Car 0.906913 1093 490 1178 552
Car 0.833737 796 528 886 590
Car 0.364158 417 721 534 785
Car 0.326158 813 763 931 787
