Car 0.713480 659 -1 674 7
Car 0.883096 902 2 918 15
Car 0.328022 848 25 867 43
Car 0.934169 896 27 912 50
Car 0.828587 756 57 772 88
Car 0.289693 574 74 589 101
Car 0.812376 892 72 908 100
Car 0.519229 635 99 650 130
Car 0.904050 606 111 621 141
Car 0.346092 886 114 902 137
Truck 0.339478 881 126 901 168
Car 0.717334 777 177 792 208
Truck 0.660478 871 175 889 214
Car 0.432977 793 207 810 235
Car 0.200507 838 234 856 269
Car 0.724296 859 238 876 271
Car 0.727143 553 245 570 273
Car 0.914778 587 284 606 316
Car 0.504888 848 290 862 324
Car 0.849642 840 327 855 359
Car 0.416220 700 335 717 368
Car 0.885355 724 334 740 366
Car 0.879709 751 342 769 373
Car 0.938634 837 365 854 397
Car 0.575992 729 432 746 466
Car 0.280832 787 445 811 467
Car 0.953332 544 461 560 490
Car 0.955580 814 466 834 494
Car 0.978319 519 565 537 602
Car 0.836349 654 581 673 612
Van 0.847132 658 633 681 665
Car 0.859831 593 691 615 724
Truck 0.556762 691 730 749 777
Car 0.836537 622 745 644 775
Car 0.223892 818 753 844 772
Truck 0.632541 656 762 706 787
Car 0.511962 779 773 810 786
