Truck 0.831632 21 493 169 656
Van 0.983845 885 646 987 737
Car 0.968773 755 802 857 929
Bus 0.960079 258 149 340 211
Car 0.274803 9 216 59 249
Car 0.555616 1375 291 1398 334
Truck 0.226011 376 289 460 361
Pedestrian 0.753578 781 371 793 391
Pedestrian 0.298991 805 359 816 378
Car 0.681765 2 412 32 457
Car 0.852004 1265 433 1320 484
Car 0.765037 17 443 73 504
Car 0.994186 1095 559 1170 618
Car 0.989720 150 659 219 735
Motor 0.834750 109 700 137 731
Car 0.994428 731 677 834 742
Pedestrian 0.901358 1003 736 1020 764
Pedestrian 0.430714 198 833 225 854
Motor 0.420589 200 836 234 863
Pedestrian 0.767704 222 929 243 948
Pedestrian 0.676175 242 929 264 949
Pedestrian 0.323220 835 931 851 955
Pedestrian 0.436614 240 948 261 967
Pedestrian 0.825149 245 971 268 990
Pedestrian 0.484076 261 978 281 994
