Van 0.510077 316 109 400 261
Car 0.243871 398 0 449 5
Pedestrian 0.373009 726 40 748 71
Pedestrian 0.445680 515 58 528 83
Pedestrian 0.726468 520 70 532 98
Pedestrian 0.926117 9 90 27 112
Pedestrian 0.644192 1 101 15 124
Pedestrian 0.898598 546 107 559 129
Pedestrian 0.363548 539 110 552 133
Pedestrian 0.334064 448 185 464 215
Awning-tricycle 0.258461 407 193 465 274
Pedestrian 0.331273 37 257 55 281
Pedestrian 0.228847 508 247 525 277
Pedestrian 0.213038 10 292 24 310
Pedestrian 0.805099 13 296 31 322
Pedestrian 0.336461 669 293 684 328
Pedestrian 0.786952 710 309 724 338
Pedestrian 0.592498 687 328 701 356
Pedestrian 0.552399 695 325 710 356
Pedestrian 0.750453 726 319 741 353
Pedestrian 0.828942 701 341 715 370
Pedestrian 0.286606 727 340 741 371
Pedestrian 0.789035 712 357 726 387
Pedestrian 0.753256 740 371 753 401
Pedestrian 0.781285 738 383 752 418
Pedestrian 0.882329 810 456 826 478
Pedestrian 0.520044 72 528 94 553
Pedestrian 0.473250 91 561 109 583
Pedestrian 0.661561 93 569 113 595
Pedestrian 0.358154 225 571 241 595
Pedestrian 0.302545 228 585 244 606
Pedestrian 0.214820 236 589 253 609
Pedestrian 0.504999 239 600 257 621
Pedestrian 0.442173 212 623 229 642
Pedestrian 0.650949 242 621 258 641
Pedestrian 0.874875 221 633 239 654
Pedestrian 0.712882 246 633 263 653
Pedestrian 0.318142 140 671 158 686
Pedestrian 0.309160 974 656 994 688
Pedestrian 0.498821 137 677 156 694
Pedestrian 0.650238 202 697 222 712
Pedestrian 0.896368 216 699 238 714
