Car 0.917935 994 432 1128 526
Car 0.950369 392 490 510 603
Car 0.995969 809 520 954 613
Car 0.995081 540 587 713 685
Car 0.980598 865 628 1039 720
Car 0.972326 211 641 319 818
Car 0.995207 988 731 1171 856
Car 0.219255 1328 708 1400 862
Car 0.820046 1211 776 1387 933
Car 0.995934 433 854 620 1052
Car 0.978973 1020 854 1195 1013
Car 0.922063 298 918 427 1046
Car 0.829767 666 959 821 1052
Car 0.565267 1176 952 1381 1054
Car 0.288561 439 1 504 17
Car 0.353080 427 9 515 51
Car 0.333670 431 24 518 75
Car 0.706330 444 42 532 94
Car 0.888427 457 66 543 120
Motor 0.221010 116 92 139 126
Car 0.825065 459 97 549 157
Car 0.579147 473 120 558 185
Car 0.231712 1363 152 1396 194
Car 0.859468 489 152 571 215
Car 0.733719 105 188 199 243
Pedestrian 0.441600 482 226 500 264
Car 0.847927 963 219 1053 297
Pedestrian 0.785580 445 264 464 308
Car 0.947583 486 246 598 324
Car 0.916246 902 241 997 329
Car 0.206764 1221 257 1293 323
Car 0.984268 557 275 648 357
Car 0.448818 1352 275 1399 344
Pedestrian 0.817790 453 319 474 361
Car 0.973434 641 289 724 366
Car 0.944845 865 280 950 371
Car 0.926048 718 308 783 388
Car 0.974384 792 302 852 388
Pedestrian 0.921213 992 332 1015 372
Car 0.991906 1258 320 1354 388
Motor 0.654484 546 354 573 392
Pedestrian 0.866240 596 348 614 397
Pedestrian 0.974423 619 351 638 398
Pedestrian 0.452345 676 347 695 386
Pedestrian 0.246908 589 361 608 408
Pedestrian 0.892111 702 384 726 431
Car 0.957793 1136 370 1257 450
Pedestrian 0.768336 723 455 748 498
Motor 0.534916 717 470 746 517
Car 0.991856 787 445 916 531
Pedestrian 0.231672 135 556 165 593
Car 0.488605 -16 1016 160 1049
