Bus 0.295883 723 553 810 635
Van 0.727624 345 254 390 276
Car 0.750795 408 248 442 267
Car 0.995656 455 255 497 276
Van 0.575590 283 272 318 300
Car 0.269674 530 269 561 293
Car 0.973341 343 279 384 301
Car 0.669508 535 285 576 310
Van 0.921041 499 295 541 322
Car 0.901099 244 305 277 334
Van 0.348011 484 321 534 347
Truck 0.947782 617 329 676 368
Bus 0.456463 405 374 460 426
Car 0.874094 1107 493 1130 532
Pedestrian 0.560980 813 516 822 528
Car 0.995507 992 529 1016 572
Car 0.996526 965 616 989 660
Car 0.857416 1024 659 1049 710
