Truck 0.215829 523 24 605 118
Truck 0.393317 519 55 595 168
Bus 0.968906 715 444 915 684
Car 0.975985 768 651 859 759
Car 0.491442 376 0 426 17
Truck 0.699101 439 -4 503 45
Truck 0.292612 497 4 551 48
Car 0.367160 162 24 191 51
Car 0.915429 354 54 384 88
Truck 0.493784 487 34 540 98
Bus 0.854900 542 34 608 107
Car 0.564069 187 83 224 110
Car 0.492773 469 78 504 109
Car 0.510855 203 120 239 146
Bus 0.693225 531 87 595 161
Bus 0.750162 586 109 648 195
Car 0.973307 499 193 546 245
Pedestrian 0.225899 281 301 289 319
Car 0.985836 390 364 438 414
Car 0.953153 563 353 617 405
Car 0.981615 445 627 500 700
