Car 0.845570 875 1 893 19
Bus 0.905272 616 -3 638 43
Car 0.777738 745 18 765 45
Bus 0.803118 784 -1 816 65
Car 0.818564 1171 23 1205 40
Van 0.815170 851 33 865 63
Car 0.209350 939 40 961 63
Car 0.944424 763 57 778 85
Car 0.654789 967 59 996 82
Car 0.608823 933 69 959 91
Car 0.814373 1007 81 1041 100
Car 0.529584 1073 92 1097 111
Car 0.983246 811 99 827 128
Car 0.766069 1067 131 1092 166
Car 0.439139 1144 128 1177 153
Car 0.938959 750 140 766 169
Car 0.399266 725 152 740 181
Van 0.716700 841 183 858 221
Car 0.742423 1132 183 1163 213
Van 0.797245 893 202 909 235
Car 0.234690 1183 206 1208 243
Bus 0.946584 775 202 799 259
Car 0.950652 1126 219 1157 256
Car 0.610175 1148 217 1173 248
Car 0.528306 701 232 719 262
Van 0.614149 738 228 757 260
Van 0.568974 803 232 818 264
Car 0.312340 980 240 1019 263
Car 0.518567 798 269 818 304
Car 0.838163 863 261 883 298
Pedestrian 0.246672 404 290 411 297
Car 0.631558 1134 282 1161 319
Car 0.915997 1191 275 1223 309
Car 0.738753 1213 272 1241 307
Pedestrian 0.476993 270 308 277 314
Car 0.768812 1065 314 1109 342
Car 0.875082 1217 310 1249 350
Car 0.976776 1019 327 1060 351
Car 0.911930 1152 327 1183 362
Car 0.562560 1190 314 1220 353
Car 0.844269 729 337 747 373
Van 0.634787 1076 356 1115 378
Car 0.964710 792 375 811 415
Car 0.969377 831 385 851 426
Car 0.607521 1255 378 1298 424
Van 0.972167 691 400 710 435
Pedestrian 0.709927 410 432 418 439
Pedestrian 0.527388 457 428 463 435
Pedestrian 0.545838 411 440 418 447
Pedestrian 0.404967 445 446 451 453
Car 0.966908 1077 438 1114 463
Car 0.370382 1213 430 1247 469
Pedestrian 0.547727 389 461 397 468
Pedestrian 0.337699 419 456 426 463
Pedestrian 0.917332 442 458 449 465
Car 0.736194 1083 454 1128 481
Pedestrian 0.240334 387 472 394 479
Pedestrian 0.954539 412 476 419 484
Pedestrian 0.915920 460 470 467 478
Car 0.995059 769 459 787 501
Pedestrian 0.654169 411 482 418 489
Car 0.703480 1113 471 1166 499
Car 0.970917 1119 524 1165 550
Car 0.880269 795 554 816 605
Bus 0.962641 677 559 709 687
Car 0.969822 842 613 865 665
Car 0.984521 726 646 746 694
Car 0.893865 789 690 812 741
Car 0.893835 932 739 960 784
