Car 0.329707 574 3 585 14
Car 0.410481 594 2 603 12
Car 0.364085 527 9 543 22
Car 0.637262 535 10 552 22
Car 0.535861 569 14 581 31
Truck 0.491716 592 8 604 32
Truck 0.653774 592 21 606 48
Car 0.812866 503 40 520 57
Car 0.967156 573 48 585 62
Car 0.980555 510 71 529 87
Car 0.972219 489 91 507 105
Car 0.981253 574 87 588 105
Van 0.340843 895 91 919 106
Van 0.600375 912 93 940 108
Car 0.661914 574 107 589 129
Van 0.450764 605 116 625 147
Car 0.216122 732 150 750 168
Van 0.214587 1003 152 1032 175
Van 0.390820 1019 159 1048 179
Van 0.452568 1039 179 1069 203
Car 0.990267 490 191 510 213
Van 0.728208 782 190 806 213
Van 0.736684 801 189 824 212
Car 0.320254 1217 216 1246 234
Truck 0.738830 598 305 633 403
