Bus 0.940115 217 736 545 958
Car 0.819380 1323 112 1338 123
Pedestrian 0.245357 143 252 153 267
Pedestrian 0.794554 113 260 123 274
Pedestrian 0.359780 132 256 143 271
Pedestrian 0.918693 627 339 637 356
Pedestrian 0.564387 660 349 670 367
Pedestrian 0.798480 656 358 666 374
Pedestrian 0.766870 947 362 958 375
Pedestrian 0.930495 970 365 982 378
Motor 0.226824 770 390 788 405
Van 0.908574 637 411 698 456
Pedestrian 0.271842 573 450 582 471
Pedestrian 0.438498 624 444 634 462
Pedestrian 0.857161 550 461 560 483
Pedestrian 0.564747 568 457 578 478
Pedestrian 0.974547 465 540 476 568
Pedestrian 0.902986 488 548 499 575
Pedestrian 0.753806 487 640 499 669
Pedestrian 0.980773 544 665 556 691
Pedestrian 0.823245 573 655 585 682
Pedestrian 0.635982 426 675 439 704
Pedestrian 0.979455 527 678 539 709
Car 0.983575 410 698 493 770
Pedestrian 0.832946 268 767 283 794
Pedestrian 0.688379 275 775 291 805
Pedestrian 0.979234 304 783 322 814
Pedestrian 0.917450 171 799 189 826
Pedestrian 0.950620 168 838 185 865
Pedestrian 0.985569 142 859 160 892
Pedestrian 0.992190 106 882 124 917
Pedestrian 0.970158 138 899 159 927
