Pedestrian 0.458433 28 7 39 23
Pedestrian 0.749497 108 39 118 59
Pedestrian 0.756027 120 61 131 81
Car 0.940119 225 69 262 116
Car 0.967807 280 123 319 164
Pedestrian 0.570276 21 188 36 209
Motor 0.785804 20 193 39 218
Car 0.989732 97 249 146 309
Car 0.991232 25 279 86 346
Pedestrian 0.617705 521 295 531 320
Pedestrian 0.359985 547 307 558 331
Pedestrian 0.333913 454 311 465 340
Pedestrian 0.481712 581 325 593 347
Pedestrian 0.352190 593 326 607 346
Pedestrian 0.961618 815 322 829 346
Pedestrian 0.933568 485 332 496 364
Pedestrian 0.950154 706 338 717 363
Pedestrian 0.674552 724 339 736 362
Pedestrian 0.240265 930 333 943 356
Pedestrian 0.794401 850 354 865 380
Pedestrian 0.571407 731 410 751 432
Motor 0.739304 439 415 467 438
Pedestrian 0.806034 461 424 482 447
Pedestrian 0.726722 572 423 594 448
Pedestrian 0.670057 708 425 727 449
Motor 0.486686 459 434 486 456
Pedestrian 0.930714 494 450 514 471
Motor 0.219655 585 442 610 470
Pedestrian 0.458155 619 440 646 465
Motor 0.248806 653 441 676 465
Motor 0.881144 673 442 701 471
Pedestrian 0.895945 395 464 420 485
Pedestrian 0.896502 546 461 570 483
Pedestrian 0.446531 620 461 646 488
Motor 0.386702 639 465 662 490
Motor 0.314177 679 453 710 478
Motor 0.506456 646 477 669 499
Car 0.993587 1104 497 1213 548
Car 0.985060 634 509 735 558
Van 0.989058 937 519 1036 573
Car 0.983469 794 545 877 599
Car 0.985594 633 564 740 618
Pedestrian 0.858812 88 677 117 704
Car 0.958282 929 701 1035 759
Motor 0.207821 387 831 424 860
Pedestrian 0.579095 1376 827 1399 855
Pedestrian 0.319457 390 840 423 862
Pedestrian 0.901120 1310 866 1350 889
Pedestrian 0.239385 754 910 784 942
Motor 0.228802 749 913 786 950
