Car 0.907520 658 193 690 212
Car 0.780896 478 258 509 282
Car 0.967803 416 262 451 287
Pedestrian 0.367435 741 271 748 284
Car 0.791479 388 282 422 306
Car 0.824076 364 300 395 328
Van 0.659084 707 305 731 333
Car 0.347309 348 327 374 358
Car 0.963549 719 342 745 371
Car 0.846799 775 342 798 379
Car 0.833699 348 352 370 385
Car 0.991248 728 379 753 415
Car 0.691735 793 384 818 417
Car 0.984958 698 416 737 451
Car 0.995260 641 436 689 463
Car 0.293053 788 428 820 460
Car 0.983027 584 446 637 473
Car 0.974248 644 463 698 489
Car 0.952455 750 456 793 490
Car 0.910198 692 479 742 504
Car 0.967308 550 498 601 524
Car 0.684482 627 496 671 520
Pedestrian 0.723620 1067 625 1079 640
Bus 0.624227 1309 601 1400 652
Pedestrian 0.259137 879 655 889 668
Pedestrian 0.655837 886 655 897 671
Pedestrian 0.660447 766 689 779 701
Pedestrian 0.375039 832 708 842 721
Pedestrian 0.559647 601 722 612 733
Pedestrian 0.324412 745 723 756 737
Pedestrian 0.663609 464 774 474 784
Pedestrian 0.276989 564 779 574 785
