Car 0.985503 772 359 851 473
Car 0.966895 44 402 179 541
Car 0.973616 889 393 970 508
Car 0.641795 982 429 1075 581
Car 0.990436 1090 480 1200 643
Car 0.995069 783 504 864 645
Van 0.403153 1031 564 1137 719
Car 0.909415 790 659 893 848
Van 0.812573 968 800 1071 1045
Car 0.589856 812 888 931 1046
Car 0.963423 1106 814 1226 1050
Car 0.253563 172 0 244 21
Car 0.211906 1306 0 1364 15
Car 0.548973 2 13 80 55
Car 0.334945 104 2 201 53
Van 0.632593 1201 0 1257 53
Car 0.529920 914 23 1006 61
Van 0.853275 1062 24 1168 81
Pedestrian 0.520241 256 108 273 145
Van 0.795245 892 102 994 154
Pedestrian 0.241395 899 131 920 162
Car 0.908772 1003 148 1103 195
Car 0.377978 1112 142 1208 192
Pedestrian 0.238185 263 167 281 209
Car 0.876306 888 159 990 210
Car 0.939802 1061 183 1165 230
Van 0.636274 240 210 315 291
Van 0.774952 1027 222 1133 289
Car 0.916328 151 297 246 383
Car 0.981453 980 299 1111 373
Pedestrian 0.474127 1096 323 1114 379
Bike 0.705504 1197 568 1259 619
