Car 0.329825 701 -1 715 4
Car 0.631205 730 3 747 15
Van 0.298323 762 9 775 22
Car 0.786996 662 31 676 45
Van 0.439947 706 34 719 47
Car 0.265991 81 48 99 66
Van 0.374459 690 41 703 55
Van 0.539233 728 45 740 59
Car 0.463876 482 74 499 86
Car 0.427218 586 80 603 94
Car 0.544549 681 81 697 96
Car 0.437114 633 88 645 102
Bus 0.263355 19 86 70 136
Bus 0.391200 294 98 336 122
Car 0.213604 341 112 365 124
Van 0.455327 448 119 472 134
Car 0.516508 681 124 694 142
Car 0.906262 677 163 691 184
Car 0.940035 675 273 687 295
Car 0.709696 692 299 707 322
Car 0.792682 890 306 915 323
Car 0.917496 604 338 619 364
Truck 0.810637 681 357 701 417
Van 0.689205 610 390 622 419
Car 0.940840 728 384 744 411
Car 0.943185 708 418 724 449
Car 0.454341 918 453 940 474
Car 0.892668 599 482 613 511
Car 0.959875 618 483 633 510
Van 0.641229 917 474 936 500
Van 0.555344 943 490 969 517
Car 0.362376 675 520 691 549
Truck 0.416048 863 528 898 557
Car 0.980250 623 547 639 577
Van 0.772612 766 581 787 623
Car 0.648551 815 590 837 624
Car 0.702801 1051 647 1080 678
Car 0.919321 630 652 648 685
Van 0.708952 731 671 749 714
Truck 0.222644 910 665 964 711
Car 0.940126 1085 671 1119 698
Car 0.819548 1144 710 1180 737
Car 0.956131 641 737 659 772
Truck 0.257868 1087 741 1149 786
