Van 0.977596 1351 681 1493 784
Car 0.558831 19 99 67 134
Car 0.868051 68 117 112 156
Car 0.332337 104 120 156 156
Car 0.970524 106 144 162 178
Motor 0.562030 423 145 443 166
Car 0.614972 194 180 237 218
Tricycle 0.342858 259 176 291 200
Car 0.440539 1702 177 1771 207
Motor 0.448743 312 200 336 222
Car 0.790843 1668 203 1740 236
Car 0.966892 277 223 339 261
Car 0.450225 427 223 493 262
Car 0.458620 389 260 443 302
Bike 0.443821 644 265 663 287
Motor 0.343514 711 293 729 316
Car 0.850574 472 298 541 347
Motor 0.589493 560 304 587 326
Motor 0.918875 601 304 618 329
Motor 0.206037 625 308 642 331
Pedestrian 0.692804 689 302 702 324
Motor 0.612389 622 333 651 362
Car 0.449941 450 331 515 374
Car 0.940438 544 337 622 383
Motor 0.268342 894 372 916 396
Car 0.988835 632 375 703 426
Motor 0.214220 706 388 739 408
Truck 0.693548 709 402 792 460
Motor 0.377954 785 405 811 431
Car 0.963979 503 413 578 460
Tricycle 0.298677 852 427 883 460
Motor 0.230638 1162 447 1186 472
Car 0.991108 849 474 934 530
Motor 0.648545 1292 486 1324 511
Car 0.995490 947 518 1033 577
Motor 0.380109 1353 530 1369 559
Motor 0.496971 1359 527 1379 558
Van 0.239655 496 534 585 606
Car 0.996490 1080 572 1192 638
Van 0.967844 1220 635 1329 698
Pedestrian 0.803995 1510 812 1540 837
Motor 0.692187 1507 816 1544 843
