Truck 0.545204 60 577 229 742
Car 0.690866 847 1 860 7
Car 0.853670 865 2 878 10
Car 0.781770 894 2 907 10
Car 0.351437 914 0 928 6
Car 0.801478 824 11 838 23
Car 0.684950 864 13 878 25
Car 0.950048 898 18 912 29
Car 0.366149 930 19 943 30
Car 0.827245 824 29 838 42
Car 0.295058 842 30 857 42
Car 0.298122 864 31 882 45
Car 0.846339 938 28 956 41
Car 0.628518 834 59 852 80
Car 0.586270 948 56 968 72
Car 0.207473 962 55 979 68
Car 0.967315 870 71 888 86
Van 0.904372 967 84 993 106
Bus 0.389841 387 98 500 127
Car 0.954310 857 110 881 128
Truck 0.853403 996 106 1043 159
Bus 0.335645 330 133 433 160
Bus 0.484858 302 142 419 174
Van 0.355207 991 144 1020 169
Bus 0.311308 291 156 397 187
Car 0.989780 884 164 910 185
Bus 0.461826 250 186 359 213
Bus 0.267175 172 212 301 258
Van 0.868325 689 267 738 292
Car 0.825353 605 325 638 357
Van 0.538171 269 333 304 368
Pedestrian 0.440749 29 397 40 414
Pedestrian 0.316954 81 388 92 404
Van 0.923851 118 399 175 444
Car 0.835528 617 397 649 432
Car 0.879958 659 399 691 440
Van 0.661143 13 498 74 554
Van 0.824938 52 501 113 561
Car 0.272280 1356 498 1401 582
Car 0.987131 738 555 779 604
Car 0.976308 684 587 723 642
Car 0.875977 465 619 516 692
Car 0.954455 670 672 749 725
Car 0.934877 668 712 749 764
Car 0.258050 13 744 114 787
Car 0.972379 672 752 756 789
