Car 0.495003 356 139 374 153
Car 0.703751 379 143 397 158
Car 0.914174 353 164 371 181
Car 0.942722 324 220 364 237
Car 0.289080 404 226 417 243
Car 0.713945 348 239 373 259
Car 0.445268 411 241 425 257
Pedestrian 0.235290 494 244 506 261
Car 0.837800 436 259 472 278
Pedestrian 0.380510 442 293 449 305
Car 0.401997 499 290 513 310
Pedestrian 0.270873 473 309 480 323
Pedestrian 0.246275 493 299 501 315
Car 0.635593 520 330 563 354
Car 0.725337 512 392 546 421
Pedestrian 0.703441 475 425 483 446
Pedestrian 0.419520 477 440 486 462
Pedestrian 0.276246 489 452 498 468
Pedestrian 0.604272 474 609 485 634
Pedestrian 0.562708 542 623 559 645
Motor 0.213412 571 626 589 645
Motor 0.246346 553 639 586 657
Car 0.980080 274 696 359 743
Car 0.954145 472 714 510 798
Motor 0.426070 517 802 532 837
Motor 0.214755 558 823 587 849
Car 0.975538 529 885 622 939
Car 0.707909 333 987 399 1050
