Van 0.947311 423 607 508 717
Car 0.997225 313 690 416 806
Car 0.984809 514 703 606 823
Truck 0.993199 638 760 738 894
Car 0.981392 1022 871 1097 1013
Car 0.862573 926 5 939 17
Car 0.606793 936 5 952 18
Pedestrian 0.469522 971 9 977 18
Car 0.747437 996 1 1009 9
Car 0.659566 1034 5 1047 16
Car 0.296747 1045 7 1061 18
Car 0.792927 898 26 914 40
Car 0.400056 914 17 927 29
Car 0.442471 1034 24 1047 36
Car 0.538895 882 48 900 62
Motor 0.594508 962 38 968 48
Car 0.749231 1038 36 1053 51
Car 0.858681 869 62 890 78
Car 0.762510 893 62 910 77
Pedestrian 0.261845 913 73 919 84
Car 0.718409 1051 60 1067 75
Car 0.937542 856 79 877 97
Motor 0.284774 914 77 922 87
Car 0.392085 1058 85 1078 102
Car 0.934597 839 97 863 119
Motor 0.530033 984 97 991 109
Pedestrian 0.707478 1029 107 1035 124
Car 0.708784 1052 101 1071 119
Pedestrian 0.898213 960 123 968 136
Car 0.492774 1028 120 1042 142
Car 0.428651 1053 118 1072 138
Car 0.721755 1028 131 1048 153
Car 0.503618 1059 144 1084 165
Car 0.961511 781 161 812 189
Truck 0.451078 822 142 859 188
Pedestrian 0.513220 872 164 883 186
Car 0.896095 1055 159 1080 182
Car 0.736479 1056 177 1082 201
Car 0.971409 755 194 791 225
Car 0.941708 1052 202 1079 231
Motor 0.603029 735 225 759 247
Motor 0.256997 745 219 768 245
Motor 0.846409 725 242 747 262
Car 0.990147 905 231 938 263
Car 0.742972 995 233 1029 263
Car 0.983922 1048 234 1083 263
Car 0.583427 698 264 736 303
Motor 0.259695 1053 278 1075 299
Car 0.909453 664 291 717 338
Pedestrian 0.955028 916 296 927 319
Car 0.990755 852 314 890 354
Motor 0.319804 643 334 681 357
Car 0.976911 732 354 775 405
Motor 0.617107 541 388 573 413
Motor 0.448692 572 379 589 407
Car 0.952386 596 375 645 433
Motor 0.606267 570 423 601 454
Awning-tricycle 0.571443 781 443 829 506
Van 0.525166 1046 438 1090 502
Motor 0.640761 417 488 458 509
Car 0.988180 524 453 594 521
Motor 0.288052 394 524 435 551
Motor 0.366073 375 537 416 559
Car 0.982770 1037 508 1091 599
Motor 0.422035 335 639 373 680
Van 0.619832 1038 616 1100 700
Pedestrian 0.783930 491 654 520 697
Motor 0.714499 287 683 346 714
Pedestrian 0.832544 870 696 888 728
Motor 0.500314 212 718 257 754
Pedestrian 0.511213 1041 703 1063 751
Pedestrian 0.870127 865 734 883 766
Motor 0.534084 140 843 218 882
Motor 0.323687 296 1026 338 1050
Car 0.379042 1015 1022 1112 1050
