Car 0.910560 631 0 652 11
Car 0.764322 734 0 749 21
Car 0.457440 761 0 775 12
Car 0.468929 792 0 807 13
Car 0.918810 763 17 779 51
Car 0.937027 815 30 837 63
Car 0.808342 731 70 751 114
Car 0.935157 817 132 837 174
Car 0.494862 755 157 774 200
Car 0.839685 1204 210 1248 229
Car 0.794788 1263 209 1299 229
Car 0.261615 1322 209 1353 230
Car 0.687899 1370 237 1400 256
Car 0.795316 814 234 838 290
Car 0.880719 707 349 729 410
Car 0.866336 743 374 766 435
Car 0.984548 816 461 843 520
Car 0.948562 692 494 718 554
Car 0.975428 731 494 757 555
Car 0.878925 823 553 848 621
Car 0.408168 826 747 856 787
