Car 0.287291 868 597 881 607
Car 0.209873 823 602 837 614
Car 0.699870 836 604 851 616
Car 0.709271 872 603 884 615
Car 0.983420 845 628 861 643
Car 0.702414 1043 620 1063 633
Car 0.976850 1077 627 1101 641
Car 0.819889 1121 634 1142 650
Car 0.702646 821 642 841 663
Car 0.892539 854 648 872 667
Car 0.951380 1109 655 1135 672
Car 0.986002 1162 678 1196 698
Pedestrian 0.208878 1267 686 1275 703
Car 0.995104 828 700 858 729
Car 0.985310 1194 709 1238 734
Truck 0.800451 768 718 802 760
Van 0.221511 1376 726 1404 757
Car 0.774602 608 744 672 774
Car 0.983998 1188 736 1237 771
Bike 0.388009 138 767 155 799
Car 0.889199 556 760 645 796
Car 0.991702 829 753 866 792
Car 0.706444 191 767 242 810
Car 0.918287 525 786 620 820
Car 0.917082 502 811 609 848
Car 0.927634 461 832 572 874
Car 0.977417 417 855 541 913
Car 0.983826 741 832 788 905
Truck 0.558828 1355 860 1402 939
Car 0.957667 309 944 466 1010
Car 0.713779 410 1004 518 1050
