Car 0.474684 643 1 671 20
Car 0.748696 1154 0 1174 7
Car 0.966469 1191 27 1217 45
Car 0.860832 1382 55 1399 73
Car 0.287594 1382 77 1398 97
Car 0.916091 1251 82 1283 103
Car 0.603805 1379 83 1397 109
Car 0.951144 1320 121 1351 145
Car 0.899077 347 208 391 234
Car 0.609070 400 198 446 227
Car 0.874243 285 221 331 244
Car 0.582937 171 241 210 268
Car 0.522256 296 231 340 255
Car 0.367102 200 246 243 274
Truck 0.612382 3 271 90 316
Car 0.271902 18 302 62 322
Car 0.360519 401 329 436 362
Car 0.644845 423 326 462 359
Car 0.416804 73 334 103 372
Car 0.565889 454 343 503 371
Car 0.411534 466 359 513 387
Car 0.220131 449 371 504 407
Truck 0.584158 223 365 279 445
Car 0.697731 387 379 433 422
Car 0.683115 427 379 477 427
Car 0.667310 584 408 637 434
Car 0.535298 395 416 449 456
Car 0.401822 305 424 356 467
Car 0.877188 603 432 659 455
Car 0.241533 129 435 171 483
Car 0.585999 384 442 426 488
Car 0.468036 349 449 389 504
Car 0.847760 577 459 635 485
Car 0.564559 314 466 355 517
Car 0.821062 569 478 630 509
Car 0.225563 272 506 313 548
Car 0.844023 921 486 956 548
Car 0.258099 455 615 498 672
Bus 0.515079 824 678 874 772
