Car 0.583997 1247 0 1261 9
Car 0.502705 1111 15 1124 34
Car 0.536607 1224 23 1237 39
Bus 0.926624 227 41 275 102
Car 0.769273 1057 77 1072 94
Car 0.719925 1075 88 1088 109
Car 0.636539 1334 106 1350 126
Car 0.811646 1038 155 1055 175
Car 0.756736 1181 160 1203 184
Car 0.647851 1320 159 1336 179
Pedestrian 0.283346 110 186 115 196
Car 0.960115 974 189 993 210
Van 0.874571 1174 216 1199 241
Truck 0.704202 1126 228 1161 279
Car 0.605477 1 252 21 272
Pedestrian 0.288759 6 273 14 287
Car 0.899016 75 276 100 304
Van 0.644532 948 278 968 301
Car 0.741638 975 280 995 303
Pedestrian 0.419921 1286 294 1293 305
Car 0.427560 43 311 71 338
Car 0.856647 1117 317 1140 346
Car 0.797342 96 323 116 350
Truck 0.502063 1173 310 1215 372
Car 0.741556 5 348 30 373
Car 0.958936 887 381 909 403
Car 0.762284 1167 379 1195 405
Car 0.908179 1059 382 1084 409
Car 0.986382 838 404 864 433
Car 0.249371 1160 406 1193 431
Car 0.785671 1170 416 1207 440
Car 0.932656 1156 432 1193 458
Car 0.748458 1148 444 1180 470
Car 0.969462 855 476 883 507
Car 0.943994 1015 499 1042 532
Car 0.861422 0 551 29 575
Van 0.413936 1326 571 1371 600
Van 0.505621 1307 578 1368 616
