Car 0.247664 471 -1 493 5
Car 0.262744 482 0 506 7
Van 0.357319 172 7 192 33
Car 0.861942 419 39 438 62
Car 0.984066 221 53 247 76
Car 0.968006 145 74 165 98
Car 0.903519 207 72 234 99
Car 0.962466 409 72 431 97
Car 0.348378 303 113 325 136
Car 0.725015 186 189 214 217
Car 0.961290 354 197 380 229
Car 0.979983 384 271 410 308
Car 0.934486 415 271 442 307
Car 0.986916 264 306 289 339
Van 0.848509 235 323 260 358
Car 0.928846 466 451 504 496
Car 0.904450 276 553 309 600
Pedestrian 0.728238 1011 618 1019 627
Pedestrian 0.642090 960 638 968 647
Pedestrian 0.299555 970 638 977 647
Pedestrian 0.270580 899 655 908 664
Pedestrian 0.541884 928 656 937 666
Pedestrian 0.392134 942 656 949 666
Pedestrian 0.296738 931 665 938 674
Pedestrian 0.966377 945 670 952 679
Pedestrian 0.531509 950 681 957 691
Pedestrian 0.457877 933 703 940 711
Pedestrian 0.775820 948 700 956 710
Pedestrian 0.769965 980 694 988 706
Pedestrian 0.678671 925 713 932 722
Pedestrian 0.205709 948 735 957 744
Pedestrian 0.674059 1003 734 1011 745
Pedestrian 0.497839 949 741 958 751
Car 0.849949 493 732 524 785
Van 0.453205 433 763 467 786
