Car 0.918699 474 259 569 344
Bus 0.752379 168 673 424 788
Car 0.972045 864 60 925 116
Car 0.919075 1057 55 1119 110
Car 0.983667 692 154 778 214
Pedestrian 0.880082 394 186 408 214
Pedestrian 0.343701 868 202 881 228
Pedestrian 0.668095 1171 208 1192 237
Car 0.990051 942 271 987 349
Pedestrian 0.332156 96 347 114 369
Pedestrian 0.731696 401 478 417 505
Car 0.989308 1030 448 1089 538
Car 0.979562 956 472 1010 571
Pedestrian 0.678160 1194 531 1211 550
Pedestrian 0.350460 1214 534 1229 550
Pedestrian 0.669650 1197 543 1215 565
Pedestrian 0.838022 1213 539 1230 560
Pedestrian 0.476278 836 552 850 571
Pedestrian 0.328105 459 582 486 611
Pedestrian 0.887947 1088 621 1108 637
Pedestrian 0.314532 1097 619 1113 635
Car 0.942533 440 643 560 707
Pedestrian 0.911766 913 669 931 686
Pedestrian 0.288275 1302 664 1326 681
Pedestrian 0.222772 809 681 829 700
Pedestrian 0.213895 877 687 894 701
Pedestrian 0.714107 891 686 907 701
Pedestrian 0.746547 942 682 959 700
Pedestrian 0.616029 1302 683 1328 701
Pedestrian 0.327670 875 698 890 713
Pedestrian 0.866864 895 692 912 709
Pedestrian 0.243087 912 692 928 710
Pedestrian 0.639073 939 696 956 714
Pedestrian 0.821579 874 707 890 722
Pedestrian 0.733827 890 709 905 726
Pedestrian 0.601318 943 709 960 728
Pedestrian 0.325932 905 722 920 738
Pedestrian 0.873683 917 723 934 741
Pedestrian 0.580785 943 725 960 743
Pedestrian 0.319085 949 736 968 755
