Car 0.690881 261 0 306 8
Car 0.785593 342 0 388 13
Bus 0.604536 483 1 562 21
Car 0.752119 692 0 734 8
Car 0.994974 863 17 906 38
Car 0.439618 -1 31 13 53
Motor 0.221201 572 27 585 40
Car 0.966153 42 44 82 62
Van 0.362630 68 125 123 167
Motor 0.212845 673 168 681 180
Car 0.732755 697 148 722 187
Car 0.767429 328 238 349 271
Car 0.915239 468 301 495 345
Car 0.980371 613 324 640 369
Car 0.972747 636 373 664 420
Car 0.922186 694 467 720 514
Pedestrian 0.240889 1192 489 1202 498
Car 0.557153 473 476 497 528
Car 0.954164 1188 502 1243 526
Car 0.910086 1256 497 1306 524
Car 0.889581 1386 495 1402 518
Car 0.813872 1016 508 1074 531
Car 0.983370 1122 504 1174 527
Car 0.737353 1263 569 1296 597
Car 0.825630 1324 569 1372 590
Van 0.971629 737 593 761 656
Pedestrian 0.237351 1263 634 1272 649
Pedestrian 0.399006 1247 652 1257 666
Van 0.808741 491 736 514 785
