Bus 0.962835 633 560 681 706
Car 0.244129 574 5 580 9
Car 0.343754 601 6 606 9
Car 0.389367 576 21 582 25
Car 0.818210 602 22 607 26
Car 0.350701 579 38 585 42
Car 0.745774 602 34 607 38
Car 0.382116 621 37 626 41
Car 0.434604 583 46 589 51
Car 0.794722 602 50 608 55
Car 0.534617 625 48 631 53
Car 0.240092 651 51 658 56
Car 0.299138 585 64 592 70
Car 0.859593 603 64 610 70
Car 0.335299 627 63 633 68
Car 0.744010 659 64 666 69
Car 0.290696 675 67 683 72
Car 0.810745 573 77 581 84
Car 0.835038 604 77 612 84
Car 0.224037 658 79 665 85
Car 0.638816 676 80 685 86
Car 0.220482 545 93 556 102
Car 0.468499 585 96 594 104
Car 0.900334 603 94 611 101
Car 0.738692 681 93 690 100
Car 0.518131 700 97 712 105
Car 0.566804 575 111 584 120
Car 0.326750 601 112 610 120
Car 0.584287 685 107 695 115
Car 0.518929 704 104 717 112
Car 0.566672 621 127 631 137
Car 0.458418 684 125 697 135
Car 0.211609 623 132 632 142
Car 0.423248 682 137 695 146
Car 0.238019 687 151 702 162
Car 0.497852 699 152 714 162
Car 0.868343 568 170 580 182
Car 0.872646 616 171 629 184
Van 0.472235 777 170 796 185
Car 0.933079 632 186 645 199
Car 0.589963 542 205 559 224
Car 0.311655 552 224 564 237
Car 0.814741 582 221 595 235
Car 0.864290 656 221 670 237
Car 0.986159 573 253 589 268
Car 0.978635 634 271 650 289
Car 0.843666 869 273 888 291
Truck 0.426540 504 262 536 319
Car 0.779060 604 314 620 338
Car 0.994044 547 357 568 378
Bus 0.365649 873 340 909 405
Car 0.989154 500 379 525 404
Car 0.978186 594 369 614 392
Car 0.987621 625 373 646 399
Car 0.989797 658 390 680 420
Car 0.946353 525 423 555 447
Van 0.354941 934 427 964 462
Car 0.938245 578 443 604 476
Truck 0.768837 942 443 991 512
Car 0.903052 621 468 645 503
Truck 0.658791 324 591 388 674
Car 0.514712 1021 622 1073 696
Car 0.985157 581 654 615 718
Car 0.987022 437 681 480 735
