Truck 0.611184 242 609 314 741
Car 0.669451 107 940 222 1047
Car 0.338566 650 222 669 232
Car 0.480508 435 268 466 283
Car 0.670258 458 265 483 279
Pedestrian 0.253622 495 267 505 279
Car 0.224185 509 260 524 273
Car 0.651626 585 263 612 275
Car 0.386112 612 262 645 275
Pedestrian 0.220525 461 281 468 293
Car 0.902193 594 279 627 293
Car 0.749894 368 295 395 316
Car 0.818878 413 302 458 319
Pedestrian 0.724945 536 307 544 321
Van 0.277207 595 307 629 327
Van 0.547348 614 304 659 323
Truck 0.265968 392 321 433 343
Car 0.234395 596 318 628 338
Car 0.855698 609 325 658 345
Motor 0.565022 698 333 717 347
Pedestrian 0.484488 225 341 236 361
Pedestrian 0.702255 277 342 288 357
Car 0.375850 395 336 455 360
Pedestrian 0.707744 470 348 481 365
Car 0.877966 632 342 689 363
Pedestrian 0.920431 274 366 287 382
Pedestrian 0.568229 297 362 313 378
Pedestrian 0.417635 338 365 350 381
Tricycle 0.209277 352 366 383 387
Car 0.910051 407 360 461 385
Car 0.976122 740 359 796 383
Car 0.921962 802 355 856 380
Pedestrian 0.814306 188 390 204 406
Pedestrian 0.841769 452 391 467 407
Pedestrian 0.924494 523 388 538 406
Motor 0.207412 190 398 208 414
Car 0.979398 690 397 752 423
Pedestrian 0.781430 335 423 355 442
Truck 0.317616 435 443 482 480
Motor 0.589878 524 440 538 464
Motor 0.971673 783 461 809 488
Motor 0.237152 830 461 863 487
Car 0.961270 579 509 619 552
Car 0.894545 742 532 796 579
Tricycle 0.531230 600 551 632 590
Awning-tricycle 0.335613 762 572 807 626
Awning-tricycle 0.913951 717 587 761 651
Pedestrian 0.649996 688 618 708 651
Pedestrian 0.921099 681 660 703 694
Car 0.885958 786 633 851 703
Truck 0.531691 420 651 474 755
Van 0.424082 825 715 905 802
Pedestrian 0.647880 725 767 745 798
Motor 0.850760 724 772 748 815
Motor 0.818360 1000 796 1054 846
Motor 0.823128 1034 967 1104 1014
Car 0.702222 374 989 461 1049
Car 0.811547 788 1002 896 1048
Pedestrian 0.395944 711 1025 735 1048
Motor 0.213669 715 1027 750 1049
