Car 0.558068 587 12 600 39
Car 0.678377 516 19 531 45
Car 0.512152 666 26 680 53
Car 0.936769 607 47 620 71
Car 0.716744 803 69 832 83
Car 0.977033 833 91 861 106
Car 0.783464 509 109 523 141
Car 0.754567 613 122 626 151
Car 0.921349 595 162 608 190
Car 0.906035 659 156 673 181
Car 0.940958 569 245 583 273
Bus 0.771465 666 227 692 298
Car 0.210573 694 257 707 283
Car 0.320936 838 254 858 277
Car 0.395478 513 260 526 292
Car 0.909777 602 260 615 288
Truck 0.252996 831 279 851 307
Car 0.950850 626 300 640 329
Truck 0.343600 855 297 884 327
Car 0.247603 866 311 893 339
Truck 0.432290 774 335 806 367
Car 0.986021 515 364 531 396
Car 0.907414 683 378 701 409
Car 0.985794 516 490 534 527
Van 0.404524 638 491 655 523
Truck 0.907872 695 478 718 532
Car 0.948280 986 493 1021 519
Car 0.949524 853 527 894 552
Car 0.726584 1037 529 1077 556
Car 0.971388 735 546 754 586
Car 0.405882 812 550 833 582
Car 0.972372 645 596 664 632
Car 0.971839 709 603 728 642
Car 0.789297 879 607 909 644
Car 0.605495 902 627 937 662
Bus 0.795354 624 624 643 688
Car 0.443852 918 638 952 672
Van 0.661536 944 659 978 694
Car 0.876794 652 708 670 748
Car 0.929769 703 705 722 750
Bus 0.231254 865 708 906 765
Car 0.212073 1333 730 1388 772
Car 0.854899 526 754 545 786
