Car 0.957612 913 28 938 46
Car 0.778996 1029 27 1054 44
Car 0.831713 890 89 922 113
Car 0.984344 1118 113 1157 141
Car 0.228969 746 176 774 208
Car 0.666453 261 290 319 335
Car 0.812643 611 290 650 320
Van 0.342507 508 308 558 369
Pedestrian 0.449052 552 344 561 372
Pedestrian 0.837647 553 357 563 385
Pedestrian 0.973952 574 361 584 387
Pedestrian 0.477687 899 410 912 431
Car 0.259201 40 488 102 532
Car 0.858474 175 479 239 532
Pedestrian 0.277230 630 589 642 617
Car 0.438969 57 652 110 703
Car 0.407323 105 702 170 766
Car 0.479157 150 740 211 787
