Pedestrian 0.423966 918 1 923 7
Car 0.490357 423 44 444 59
Pedestrian 0.302028 822 46 826 54
Car 0.643676 320 60 347 75
Car 0.413157 438 58 460 76
Car 0.885125 214 128 237 160
Car 0.511676 250 125 268 153
Car 0.544765 1343 331 1373 346
Car 0.984055 408 347 445 365
Car 0.970998 542 350 576 363
Car 0.920772 657 350 690 366
Car 0.918941 383 368 418 384
Bus 0.708390 555 360 625 384
Car 0.269341 852 358 885 372
Car 0.875614 981 363 1012 379
Car 0.993855 1057 360 1085 375
Car 0.224018 342 381 385 398
Motor 0.334990 473 391 491 400
Car 0.990700 729 390 766 407
Car 0.407426 860 395 894 414
Car 0.935342 995 387 1029 402
Car 0.987990 1135 412 1169 430
Van 0.571392 649 416 686 433
Car 0.326815 1383 420 1400 444
Car 0.983871 664 439 704 454
Car 0.994329 938 449 980 467
Car 0.921072 575 463 610 480
Car 0.980503 663 469 704 485
Car 0.909532 783 475 819 491
Car 0.984883 1132 469 1168 488
Van 0.727346 619 485 666 506
Bus 0.588761 764 495 818 518
Truck 0.946459 1034 519 1116 563
Car 0.779572 1273 520 1313 540
Car 0.786199 881 537 918 555
Car 0.971661 1288 548 1329 569
Car 0.752411 887 556 927 573
Bus 0.964076 1342 544 1400 582
Bus 0.469585 489 552 513 626
Car 0.931992 990 574 1021 606
Car 0.892706 885 594 926 614
Car 0.790156 898 637 935 659
Car 0.866235 902 657 937 678
Car 0.942537 900 680 940 699
Car 0.589932 897 701 945 721
Van 0.881851 726 705 767 725
Pedestrian 0.603604 42 733 53 746
Pedestrian 0.399603 7 746 16 758
Pedestrian 0.610715 40 739 50 754
Pedestrian 0.604695 56 743 66 756
Pedestrian 0.377902 61 754 71 767
Pedestrian 0.219033 92 760 102 773
Car 0.596988 737 750 775 771
Car 0.473089 916 751 949 769
Pedestrian 0.227660 88 772 97 782
Van 0.201285 743 776 772 786
Van 0.293965 797 773 833 786
