Car 0.815328 927 2 938 12
Pedestrian 0.376687 98 129 105 136
Pedestrian 0.283110 110 123 117 130
Car 0.970881 842 118 861 138
Car 0.351300 502 124 517 160
Pedestrian 0.202606 215 215 223 221
Car 0.981007 520 220 532 242
Pedestrian 0.457043 330 249 337 256
Car 0.687882 625 239 640 265
Car 0.990907 480 252 493 276
Car 0.656279 621 250 636 271
Car 0.981180 817 256 841 278
Pedestrian 0.367566 327 292 334 299
Car 0.480411 620 308 634 326
Car 0.784910 735 383 754 410
Car 0.912672 474 406 487 432
Car 0.995025 623 406 641 435
Car 0.928675 627 496 643 529
Car 0.856185 506 527 523 561
Car 0.957072 586 610 607 652
Car 0.873648 455 626 472 663
Truck 0.898163 618 611 650 701
Car 0.880660 495 686 510 729
Car 0.602532 364 710 398 731
Car 0.290665 361 729 398 748
Car 0.349569 364 740 395 760
Car 0.479211 520 738 538 784
Car 0.262501 576 778 594 787
