Bus 0.711300 353 -3 381 41
Car 0.530386 357 71 372 93
Car 0.304527 28 148 54 172
Car 0.639481 49 149 76 176
Motor 0.257968 265 156 274 169
Car 0.761027 16 181 48 204
Car 0.499398 84 199 103 221
Car 0.857170 38 205 57 230
Car 0.606528 78 225 98 247
Car 0.952138 29 235 51 262
Car 0.573239 257 252 279 275
Car 0.914998 345 277 367 302
Car 0.658330 0 304 17 324
Car 0.815186 28 294 53 318
Car 0.775718 1278 338 1301 368
Car 0.938632 787 378 810 403
Car 0.927372 989 421 1018 438
Car 0.671012 1203 446 1225 478
Car 0.892085 1241 446 1262 474
Car 0.980400 258 483 276 512
Bus 0.964245 89 476 140 547
Car 0.285676 1218 491 1234 531
Car 0.518124 1147 535 1160 570
Car 0.575830 1222 634 1239 674
Car 0.421549 1 663 26 696
Car 0.249218 752 703 778 740
