Car 0.353507 753 0 816 9
Car 0.370065 1186 0 1222 9
Car 0.958709 1205 2 1267 24
Car 0.798045 1640 5 1709 29
Car 0.847013 764 20 825 49
Car 0.799370 1662 20 1742 51
Car 0.964407 1237 44 1298 72
Pedestrian 0.272734 1309 44 1321 65
Car 0.207009 1584 39 1640 73
Truck 0.212796 1591 31 1658 85
Car 0.951312 101 56 138 99
Car 0.914294 1242 63 1313 91
Car 0.202958 1605 52 1661 86
Car 0.583389 793 126 867 158
Car 0.450278 55 138 95 181
Car 0.925691 186 134 228 179
Car 0.559560 236 139 295 168
Car 0.426268 213 164 281 197
Van 0.613883 24 178 68 224
Pedestrian 0.272226 1801 265 1818 293
Pedestrian 0.221583 1601 336 1619 355
Pedestrian 0.504897 1295 349 1308 374
Pedestrian 0.512566 1163 370 1178 398
Car 0.239911 1876 354 1911 406
Pedestrian 0.223450 1040 392 1057 416
Awning-tricycle 0.874223 1237 375 1291 421
Car 0.760665 1742 365 1801 431
Pedestrian 0.358653 1056 410 1070 436
Pedestrian 0.309356 672 435 690 466
Car 0.980119 1639 434 1739 479
Motor 0.803617 595 473 623 501
Car 0.937483 1439 456 1550 507
Pedestrian 0.878175 1784 484 1807 503
Motor 0.312334 674 491 710 518
Motor 0.246578 685 487 725 514
Car 0.692823 1354 476 1439 523
Motor 0.871870 1774 489 1809 510
Car 0.983199 1098 508 1207 566
Car 0.983392 1235 495 1339 545
Motor 0.235278 450 556 471 592
Motor 0.228698 524 550 547 594
Motor 0.343881 554 549 577 593
Van 0.641148 868 547 975 607
Motor 0.348122 410 569 437 611
Car 0.992750 676 580 789 639
Van 0.970301 479 608 578 664
Car 0.990956 351 626 455 684
Car 0.853839 1535 685 1669 742
Car 0.966967 1115 726 1228 779
Car 0.899117 1402 720 1518 784
Car 0.581160 1273 742 1365 813
Car 0.310415 984 805 1106 858
Car 0.959016 682 833 808 892
Car 0.720243 834 828 946 879
Car 0.668082 -1 978 80 1057
