Bus 0.997055 413 314 493 440
Bus 0.624704 316 410 388 495
Bus 0.978678 713 468 773 670
Bus 0.985278 351 611 457 791
Car 0.950494 580 9 599 31
Van 0.390815 806 2 830 38
Car 0.560062 587 62 607 83
Bus 0.988214 585 69 631 158
Car 0.878329 544 118 572 143
Pedestrian 0.876430 484 142 491 156
Car 0.974142 802 149 825 179
Van 0.904096 508 179 549 219
Car 0.948976 791 249 816 284
Car 0.910449 421 298 465 335
Van 0.867186 775 286 806 341
Car 0.942936 774 355 799 407
Pedestrian 0.425260 853 426 863 448
Car 0.914997 776 422 805 472
Pedestrian 0.231157 868 447 878 472
Car 0.997142 801 488 842 556
Pedestrian 0.785135 904 554 915 581
Car 0.892118 193 588 274 658
Pedestrian 0.548182 900 654 913 675
Pedestrian 0.273818 622 660 632 683
Pedestrian 0.365090 920 657 933 678
Pedestrian 0.328973 792 695 805 716
Pedestrian 0.966892 811 696 825 720
Van 0.567565 305 665 365 766
Pedestrian 0.958411 838 706 853 728
Van 0.904897 41 704 151 764
Pedestrian 0.350865 587 724 599 749
