Truck 0.882584 521 656 689 753
Car 0.965901 822 779 980 886
Pedestrian 0.247293 627 22 637 38
Car 0.415846 647 19 673 38
Awning-tricycle 0.219692 595 38 618 60
Motor 0.201075 625 35 636 50
Car 0.555803 644 43 668 63
Awning-tricycle 0.356541 590 56 618 82
Motor 0.264589 657 57 674 71
Motor 0.261265 668 62 688 76
Truck 0.226735 561 68 609 102
Motor 0.405934 672 85 692 99
Awning-tricycle 0.344912 670 98 701 128
Car 0.806993 560 138 605 158
Awning-tricycle 0.226334 677 142 703 164
Car 0.532278 572 161 622 184
Motor 0.232262 680 160 695 176
Truck 0.349921 576 177 627 206
Car 0.283820 571 200 628 228
Car 0.323242 702 198 729 221
Car 0.672870 707 220 749 248
Car 0.800770 710 239 758 272
Truck 0.688620 556 236 639 296
Motor 0.632245 755 276 777 293
Car 0.803679 572 313 640 346
Pedestrian 0.238652 631 350 642 372
Motor 0.305112 783 342 811 364
Pedestrian 0.387406 635 356 647 378
Pedestrian 0.586942 754 381 768 415
Car 0.716278 760 362 804 412
Car 0.857052 567 396 658 432
Car 0.973562 675 378 719 432
Car 0.761103 570 418 662 450
Motor 0.517459 786 420 803 445
Motor 0.439727 803 417 820 446
Car 0.632336 565 442 663 474
Motor 0.483349 814 466 844 495
Car 0.909587 570 471 671 516
Car 0.711364 817 498 873 573
Tricycle 0.274600 619 537 649 568
Car 0.659522 842 590 901 646
Pedestrian 0.482748 937 616 953 647
Car 0.769301 578 626 678 681
Motor 0.615277 1182 647 1230 676
Awning-tricycle 0.305845 827 645 928 709
Pedestrian 0.215249 1325 657 1352 693
Motor 0.835713 1071 678 1103 719
Motor 0.530807 1261 671 1306 712
Motor 0.206001 1321 678 1353 714
Motor 0.220001 1093 690 1117 731
Pedestrian 0.875219 704 719 728 761
Car 0.922800 1225 720 1376 784
Motor 0.554622 494 769 522 811
Car 0.886486 532 756 682 826
Pedestrian 0.628522 1125 788 1149 822
Pedestrian 0.588930 1166 804 1189 841
