Truck 0.688631 671 143 733 261
Car 0.997531 593 510 693 605
Bus 0.621446 519 619 591 783
Car 0.735740 735 -1 763 14
Pedestrian 0.414076 366 12 376 30
Pedestrian 0.353344 374 15 384 35
Pedestrian 0.228309 797 16 806 36
Pedestrian 0.240128 812 13 821 34
Pedestrian 0.466440 307 32 317 50
Pedestrian 0.234515 362 29 372 50
Pedestrian 0.312364 795 23 804 44
Pedestrian 0.434083 255 47 266 65
Pedestrian 0.606751 299 43 308 63
Pedestrian 0.312970 334 42 344 63
Pedestrian 0.442164 353 37 362 60
Car 0.516026 748 28 779 68
Pedestrian 0.698271 811 41 820 64
Pedestrian 0.840186 166 57 177 74
Pedestrian 0.862830 188 56 200 74
Pedestrian 0.933544 224 56 236 74
Pedestrian 0.447112 299 53 309 71
Pedestrian 0.468089 734 105 744 122
Pedestrian 0.244571 1303 98 1320 122
Van 0.753735 498 164 531 217
Car 0.698996 539 165 567 210
Car 0.903701 582 167 611 216
Car 0.757400 622 165 652 216
Van 0.614396 543 221 575 286
Pedestrian 0.458726 987 512 1000 535
Pedestrian 0.933676 1004 509 1018 536
Pedestrian 0.633793 1051 530 1065 565
Pedestrian 0.972406 327 629 346 653
Pedestrian 0.868767 1160 673 1178 704
Pedestrian 0.311715 1196 706 1215 731
Car 0.981522 650 691 692 789
Pedestrian 0.416434 82 768 108 786
Pedestrian 0.757765 336 775 356 786
Pedestrian 0.363296 1233 768 1252 786
