Car 0.266621 816 22 835 35
Car 0.427414 853 16 874 30
Car 0.614998 810 24 829 38
Bus 0.833571 1273 18 1336 57
Car 0.854182 723 48 743 61
Car 0.646390 752 40 774 53
Car 0.854235 532 96 558 110
Car 0.681040 465 112 488 126
Car 0.637550 492 108 514 121
Car 0.789585 508 104 532 118
Car 0.257060 412 127 436 143
Car 0.397204 428 122 451 135
Car 0.937225 378 136 403 150
Car 0.276843 403 129 427 144
Car 0.927694 305 156 332 171
Car 0.371395 316 153 341 167
Car 0.690874 237 170 264 186
Car 0.801145 271 162 297 179
Car 0.790720 191 184 219 200
Car 0.718802 221 176 248 192
Car 0.826515 133 196 167 213
Car 0.435781 164 198 196 214
Car 0.444868 178 193 209 209
Car 0.658533 92 207 127 225
Car 0.919377 41 220 82 237
Car 0.300329 136 229 176 250
Van 0.290798 136 233 175 257
Car 0.933522 502 278 540 300
Car 0.956347 502 313 538 337
Car 0.655100 550 311 573 338
Car 0.665517 506 331 540 352
Car 0.202746 505 341 537 360
Pedestrian 0.273253 624 368 632 384
Pedestrian 0.777836 625 437 631 452
Car 0.849399 644 447 669 486
Car 0.658617 1031 495 1077 526
Pedestrian 0.281014 948 533 957 551
Car 0.990521 682 558 714 608
Car 0.989250 704 618 737 669
Car 0.984670 1097 627 1166 672
Car 0.980918 1082 673 1147 713
Car 0.887375 720 680 763 747
Pedestrian 0.235052 964 730 977 748
Car 0.326208 1103 712 1167 755
Car 0.772073 746 751 785 788
