Car 0.526473 660 0 679 15
Car 0.383468 254 12 270 26
Van 0.694865 692 21 718 42
Car 0.543405 636 69 663 91
Car 0.416671 891 91 922 110
Car 0.884645 568 130 595 153
Truck 0.239637 1082 158 1138 197
Car 0.571501 680 178 700 204
Car 0.603030 497 198 521 221
Car 0.423022 698 185 720 211
Car 0.597903 724 194 748 224
Car 0.912631 756 207 781 231
Car 0.450851 776 212 799 236
Pedestrian 0.397993 1283 215 1290 226
Car 0.520757 786 220 810 246
Car 0.491700 802 221 824 250
Car 0.202823 936 226 955 242
Car 0.206085 1003 230 1027 248
Pedestrian 0.576912 1258 229 1265 242
Bus 0.874159 569 206 629 284
Van 0.367075 832 234 856 262
Pedestrian 0.273086 1148 238 1154 249
Car 0.334329 888 252 908 279
Pedestrian 0.210018 1172 256 1178 266
Pedestrian 0.635062 1293 254 1302 266
Car 0.229584 918 266 939 294
Car 0.381584 1103 286 1135 309
Car 0.774268 481 322 517 349
Car 0.202745 781 330 805 356
Car 0.473652 1081 324 1106 359
Car 0.331415 1221 328 1261 352
Van 0.345163 1271 344 1309 375
Car 0.762085 508 397 540 423
Car 0.260235 1289 402 1319 438
Van 0.226631 1128 428 1153 461
Car 0.281336 1370 434 1397 460
Car 0.262535 1072 443 1100 479
Car 0.513702 1207 458 1230 496
Van 0.210882 1247 475 1273 511
Car 0.542443 1195 493 1220 529
Motor 0.428051 643 516 654 525
Car 0.815819 694 599 739 630
Pedestrian 0.221743 553 620 561 639
Car 0.247083 55 625 90 652
Car 0.860466 792 649 830 680
Bus 0.404832 850 641 960 703
Car 0.861070 840 669 895 708
Car 0.516268 127 701 161 738
Van 0.618344 887 694 937 731
Pedestrian 0.286304 435 724 445 739
Car 0.892908 951 723 996 756
Pedestrian 0.524411 581 758 589 772
Car 0.703430 999 748 1054 784
