Truck 0.204905 296 201 312 213
Truck 0.312703 382 227 406 243
Truck 0.296807 380 238 407 258
Car 0.547348 410 271 428 282
Truck 0.491433 583 267 612 288
Car 0.971385 446 356 471 381
Motor 0.498801 459 401 471 414
Car 0.875719 505 393 539 416
Pedestrian 0.650878 976 451 987 471
Awning-tricycle 0.413313 514 459 546 494
Car 0.982820 575 478 621 516
Pedestrian 0.913887 817 569 833 590
Car 0.988454 412 566 475 610
Car 0.949610 375 612 466 657
Motor 0.523935 568 630 596 650
Pedestrian 0.967443 945 666 961 692
Pedestrian 0.976380 894 685 909 710
Car 0.244439 1281 675 1398 746
Pedestrian 0.259264 972 920 1002 954
Motor 0.373953 958 904 1019 977
