Bus 0.932093 108 384 235 473
Bus 0.483091 -1 447 78 547
Bus 0.992157 45 475 219 574
Bus 0.937455 1174 525 1272 609
Pedestrian 0.363227 500 15 507 26
Bus 0.703611 34 24 111 74
Pedestrian 0.209462 600 65 607 77
Car 0.956547 126 74 162 94
Car 0.987995 350 106 387 129
Car 0.940845 1210 96 1248 118
Pedestrian 0.236644 257 167 265 181
Pedestrian 0.365335 274 171 282 185
Pedestrian 0.441138 1051 175 1060 184
Motor 0.446089 1051 178 1063 186
Car 0.953607 1340 195 1387 225
Car 0.945274 1132 200 1172 224
Bus 0.655981 308 244 408 307
Van 0.805824 1213 264 1259 301
Van 0.511412 1145 289 1187 319
Car 0.399932 1022 311 1073 345
Van 0.915272 1266 310 1312 346
Car 0.882459 896 317 949 350
Car 0.629722 1030 364 1080 400
Car 0.863585 1162 363 1210 397
Van 0.736011 934 386 984 423
Bus 0.940485 641 398 727 457
Car 0.956676 1066 412 1117 451
Van 0.664576 958 472 1023 524
Van 0.978616 574 501 648 555
Car 0.984348 678 502 736 543
Car 0.991119 771 566 835 618
Car 0.984575 362 613 438 668
Car 0.976544 448 612 521 664
Van 0.831261 91 645 170 695
Van 0.922572 556 718 624 787
Car 0.929811 825 750 886 786
