Car 0.694541 782 29 808 45
Car 0.369896 749 47 768 60
Car 0.268290 803 39 824 52
Motor 0.223994 673 69 684 78
Car 0.476755 724 56 747 69
Car 0.588624 617 83 637 95
Car 0.936156 488 113 506 125
Car 0.681427 553 100 584 116
Car 0.294813 1293 112 1317 126
Car 0.299267 1106 122 1128 134
Car 0.457082 1160 122 1184 134
Car 0.229565 1320 117 1338 127
Car 0.431040 416 140 430 151
Car 0.576675 1321 136 1339 147
Car 0.582866 1339 136 1358 148
Bus 0.933035 440 140 481 182
Motor 0.411555 851 148 860 157
Car 0.596659 903 151 922 165
Car 0.651175 419 169 438 186
Car 0.506663 424 165 446 184
Car 0.874258 301 204 324 220
Car 0.969031 1004 242 1033 259
Car 0.975193 147 327 182 350
Car 0.953814 114 473 157 521
