Car 0.372355 199 524 298 656
Car 0.449643 39 951 154 1074
Truck 0.706842 64 -3 199 58
Motor 0.393448 471 56 502 91
Car 0.962892 502 28 579 125
Van 0.830811 34 64 118 163
Van 0.490689 392 66 450 154
Van 0.752530 1099 72 1148 171
Van 0.537968 325 80 394 173
Motor 0.546918 471 117 505 139
Car 0.876307 -2 206 56 304
Car 0.978455 262 232 337 333
Car 0.326160 357 230 417 326
Motor 0.444939 405 351 460 370
Bike 0.386276 406 379 464 401
Bike 0.294721 425 375 481 396
Motor 0.383669 406 387 453 412
Car 0.918009 280 359 356 473
Motor 0.365980 363 427 410 456
Motor 0.589749 479 475 519 505
Car 0.442235 220 522 302 620
Motor 0.591006 255 757 302 796
Car 0.997000 1113 735 1265 844
Motor 0.239736 1390 773 1422 810
Pedestrian 0.225472 85 797 106 834
Car 0.998339 1099 861 1253 940
Car 0.922172 1759 1010 1841 1080
