Truck 0.622313 1240 775 1363 908
Car 0.961660 3 825 146 934
Car 0.988605 1119 810 1210 936
Car 0.967133 1181 805 1271 921
Car 0.973225 974 835 1043 963
Van 0.519933 437 41 457 61
Pedestrian 0.240637 469 39 476 53
Van 0.639744 432 62 455 83
Car 0.532793 425 80 450 102
Car 0.264644 651 81 675 109
Car 0.806891 425 98 449 120
Car 0.902238 393 120 428 141
Pedestrian 0.366705 442 116 451 134
Car 0.494067 406 157 426 180
Car 0.604653 414 185 426 205
Pedestrian 0.928912 434 182 440 202
Van 0.546693 587 176 611 210
Car 0.406296 382 201 415 224
Car 0.848114 380 223 409 246
Car 0.424200 376 254 400 281
Car 0.469424 353 287 390 328
Motor 0.534047 778 299 808 319
Van 0.356416 339 319 379 359
Motor 0.526810 784 328 804 347
Pedestrian 0.719658 815 340 827 361
Pedestrian 0.311058 831 336 843 356
Car 0.723610 798 374 836 419
Car 0.443946 289 441 345 496
Car 0.964835 649 451 687 501
Motor 0.907927 841 462 865 490
Motor 0.768259 852 498 878 528
Car 0.816699 286 507 335 575
Pedestrian 0.905902 819 559 835 591
Car 0.973425 853 537 909 602
Motor 0.291656 922 567 953 594
Motor 0.320385 817 570 834 608
Motor 0.575101 932 578 962 602
Motor 0.616227 214 602 250 631
Car 0.923416 265 577 321 661
Motor 0.288337 162 629 193 655
Motor 0.280782 177 628 212 653
Pedestrian 0.281376 440 625 457 652
Motor 0.448668 161 640 201 668
Motor 0.684678 181 662 223 693
Motor 0.776753 127 683 176 712
Awning-tricycle 0.635897 907 650 958 726
Motor 0.916941 120 701 178 729
Car 0.958400 220 665 292 761
Motor 0.786490 939 736 991 765
Pedestrian 0.945992 107 754 132 793
Car 0.802386 0 773 81 837
Pedestrian 0.874599 272 779 296 815
Awning-tricycle 0.814677 879 750 943 840
Pedestrian 0.782181 963 769 982 811
Car 0.796284 1335 793 1401 894
Pedestrian 0.904649 857 842 880 878
Car 0.883004 1023 800 1099 899
Pedestrian 0.605208 1380 937 1400 972
