Bus 0.523501 771 9 811 102
Bus 0.202205 775 48 801 96
Car 0.984575 891 55 918 83
Car 0.986003 656 62 678 99
Bus 0.401565 837 85 872 121
Car 0.630424 779 98 800 129
Bus 0.939615 747 103 787 176
Car 0.960454 706 187 727 224
Car 0.907636 730 185 751 218
Car 0.526489 509 241 541 265
Car 0.505014 505 253 537 277
Car 0.442559 500 268 533 292
Car 0.993222 445 406 475 425
Car 0.809409 861 416 891 440
Car 0.979063 533 431 566 449
Car 0.223101 569 477 587 504
Car 0.364017 560 508 578 530
Car 0.495265 444 638 465 670
Car 0.374523 482 639 501 666
