Bus 0.974736 435 606 489 738
Bus 0.227757 106 17 139 35
Car 0.453136 162 22 180 33
Car 0.291459 52 25 71 39
Car 0.647146 166 28 185 39
Bus 0.442652 782 21 797 42
Car 0.261870 808 35 820 50
Van 0.211899 807 39 819 54
Car 0.591050 776 64 790 79
Car 0.858719 1298 158 1335 177
Car 0.359441 698 181 710 197
Van 0.278597 1269 178 1289 201
Car 0.347114 1305 189 1327 213
Car 0.872461 656 214 671 234
Car 0.631155 132 227 153 248
Car 0.835461 162 258 186 282
Van 0.894408 748 253 764 278
Car 0.923644 646 263 665 283
Car 0.345951 352 298 387 322
Car 0.798065 372 315 403 336
Car 0.948502 497 317 516 342
Car 0.903592 632 319 649 344
Car 0.555692 384 326 414 347
Car 0.822399 395 329 425 351
Car 0.919495 235 347 263 370
Car 0.589916 654 349 668 371
Car 0.989143 753 339 770 367
Car 0.545798 438 367 458 394
Car 0.979839 618 392 637 421
Car 0.975932 706 387 726 423
Car 0.656265 225 399 248 421
Car 0.991413 238 420 263 443
Car 0.937267 752 413 769 443
Car 0.757747 522 495 550 531
Car 0.981649 598 488 619 525
Car 0.894725 624 489 644 527
Truck 0.795917 232 534 291 576
Van 0.855723 194 601 248 639
Car 0.967061 575 608 599 652
Car 0.843737 496 624 523 666
Van 0.906367 224 630 272 675
Car 0.924491 549 740 574 786
