Car 0.288683 1351 57 1366 74
Car 0.983003 648 92 666 129
Car 0.967586 714 95 733 130
Bus 0.825584 489 80 526 170
Car 0.409115 1094 143 1127 160
Car 0.346904 1144 144 1173 159
Car 0.779689 1029 170 1060 188
Car 0.731213 1088 168 1123 184
Car 0.942525 1146 166 1186 180
Car 0.967831 713 204 730 239
Car 0.993513 575 210 592 250
Car 0.988506 649 214 668 253
Car 0.976447 517 282 536 316
Car 0.826350 556 361 575 396
Car 0.990272 757 363 779 405
Car 0.870262 721 553 744 613
Car 0.947831 843 576 865 623
Car 0.827007 884 728 908 784
Truck 0.659553 722 753 753 788
Van 0.582792 807 772 832 787
