Pedestrian 0.407179 1238 8 1247 22
Car 0.739123 1065 43 1113 68
Truck 0.772678 246 728 335 762
Motor 0.208998 916 734 924 752
Bike 0.467934 1005 729 1012 751
Bike 0.726185 1031 728 1039 749
Bike 0.686931 1058 726 1066 747
Car 0.887763 400 735 424 780
Car 0.785788 463 733 491 782
Car 0.979223 518 740 543 786
Car 0.973345 550 727 573 778
Car 0.822961 577 727 600 776
Car 0.987788 612 733 639 781
Car 0.988750 698 735 723 785
Car 0.956970 738 727 761 776
Car 0.982597 776 733 801 779
Car 0.984383 807 735 832 782
Car 0.256150 397 755 420 787
Car 0.936762 879 743 902 798
Car 0.933603 1042 760 1066 809
Car 0.953243 1072 764 1097 813
Pedestrian 0.210781 312 840 322 850
Pedestrian 0.835244 308 848 317 860
Pedestrian 0.285712 195 914 204 927
Car 0.584546 1069 935 1095 999
Motor 0.214038 321 977 334 992
Car 0.601675 365 950 393 1000
Car 0.833786 410 956 438 1008
Car 0.520803 439 951 466 1010
Car 0.880966 488 954 516 1004
Car 0.801504 520 952 545 1006
Car 0.663247 553 950 579 1006
Motor 0.431234 812 954 831 997
Car 0.871677 842 946 865 1006
Car 0.799339 876 953 896 1008
Car 0.763641 927 954 950 1008
Car 0.798774 982 958 1006 1014
Car 0.737591 1014 958 1038 1013
Car 0.659499 1042 957 1065 1013
Car 0.627180 768 964 790 1019
