Car 0.465029 957 0 968 11
Car 0.842975 1099 29 1126 41
Car 0.935450 955 63 966 78
Motor 0.360061 990 110 995 119
Car 0.979341 966 135 978 155
Pedestrian 0.800633 530 170 536 179
Car 0.892696 966 185 980 205
Car 0.255008 972 190 984 206
Pedestrian 0.320743 997 198 1001 206
Car 0.944834 689 233 720 249
Van 0.969018 506 239 540 266
Truck 0.358469 765 238 826 262
Bus 0.592990 549 255 611 287
Car 0.894086 893 253 920 268
Car 0.864077 955 259 984 274
Motor 0.337184 999 271 1011 281
Car 0.986923 1190 275 1222 287
Car 0.948974 1002 292 1029 308
Car 0.607865 1052 296 1082 311
Car 0.985382 1075 332 1099 351
Car 0.685971 1048 352 1072 372
Car 0.983140 1155 345 1179 365
Car 0.816780 875 394 892 418
Car 0.475452 534 414 571 435
Car 0.790206 492 438 525 466
Car 0.965785 1105 431 1127 461
Car 0.856557 461 467 495 499
Car 0.433778 526 475 560 498
Car 0.476622 400 512 429 535
Car 0.967239 1121 656 1144 693
Car 0.726319 191 701 234 742
Car 0.482038 120 768 165 787
