Car 0.276788 776 26 795 40
Car 0.531713 777 110 800 133
Car 0.287847 12 172 35 189
Car 0.275172 392 168 408 188
Car 0.859013 784 153 806 183
Car 0.453591 10 183 34 199
Car 0.942454 775 199 798 232
Van 0.722539 780 242 803 284
Car 0.944818 55 321 127 350
Car 0.389745 739 327 773 369
Car 0.840398 761 325 792 369
Pedestrian 0.560857 1528 330 1540 349
Pedestrian 0.356079 1597 326 1611 343
Pedestrian 0.208241 1475 353 1489 373
Car 0.578283 1477 360 1526 395
Car 0.201040 384 396 444 425
Car 0.610878 1060 685 1104 754
Car 0.476883 1098 682 1142 750
Car 0.720230 1143 682 1187 751
Car 0.642681 1184 677 1228 746
Car 0.483150 1246 688 1282 745
Car 0.409435 1287 687 1326 738
Car 0.315351 952 703 994 754
Car 0.737247 998 700 1043 757
Car 0.445388 876 729 948 779
Car 0.986140 846 758 929 822
Car 0.995545 949 856 1048 913
Car 0.997382 978 913 1077 971
Car 0.996544 1022 976 1128 1028
Car 0.993870 1244 968 1319 1073
Car 0.441133 1081 1032 1163 1077
