Truck 0.945073 163 461 334 591
Car 0.644278 -4 926 138 1051
Car 0.772497 1020 3 1059 31
Car 0.734501 1062 0 1098 7
Car 0.890335 970 29 1023 68
Car 0.951402 912 61 961 99
Car 0.992363 874 90 929 132
Car 0.991115 798 134 862 185
Car 0.909235 734 175 806 224
Car 0.404911 1018 186 1074 233
Van 0.700159 678 214 743 268
Car 0.546808 904 236 953 281
Car 0.932828 955 233 1024 287
Car 0.986422 593 266 667 320
Car 0.855688 47 319 135 381
Van 0.763129 496 311 567 369
Car 0.882403 827 327 897 384
Van 0.781513 110 355 206 440
Car 0.968525 748 376 828 435
Car 0.984304 397 382 490 454
Car 0.878514 3 438 88 507
Car 0.988151 633 469 710 536
Car 0.981460 743 492 821 567
Car 0.817979 549 538 638 612
Car 0.846170 65 581 173 667
Van 0.378454 611 584 707 668
Car 0.957870 444 618 541 695
Motor 0.764973 319 663 352 687
Car 0.466950 -2 675 49 752
Motor 0.279675 524 700 552 734
Motor 0.377965 492 712 520 743
Car 0.587546 141 823 286 907
