Van 0.585400 751 1 783 14
Car 0.802728 753 21 792 41
Pedestrian 0.534528 806 19 813 39
Car 0.487573 754 41 785 60
Pedestrian 0.538524 787 45 796 60
Pedestrian 0.428725 807 40 813 60
Car 0.923016 747 63 791 82
Car 0.334559 930 56 950 86
Car 0.824332 748 81 788 101
Van 0.499201 936 77 954 111
Pedestrian 0.776097 1034 81 1040 96
Car 0.788666 750 98 794 120
Pedestrian 0.688503 797 105 804 122
Pedestrian 0.252257 819 107 828 126
Car 0.796098 738 124 788 148
Van 0.531175 946 115 966 147
Car 0.716275 701 140 742 171
Car 0.620493 224 161 275 185
Car 0.808713 365 159 397 191
Motor 0.731621 679 158 697 174
Car 0.616524 956 145 978 181
Car 0.481227 227 178 273 204
Van 0.302169 756 180 783 213
Car 0.445973 785 181 809 210
Pedestrian 0.301479 1091 185 1100 206
Truck 0.596190 961 171 1010 263
Pedestrian 0.217126 1090 194 1099 213
Car 0.655353 466 216 513 246
Car 0.385649 662 218 691 246
Car 0.835138 928 209 951 247
Pedestrian 0.207635 825 245 832 265
Pedestrian 0.226819 837 247 844 268
Car 0.726856 902 231 923 279
Motor 0.394060 839 258 847 278
Car 0.905913 935 256 964 301
Car 0.353318 214 283 261 317
Pedestrian 0.571439 851 289 859 307
Car 0.500719 971 264 1005 315
Car 0.486524 248 287 294 320
Pedestrian 0.721286 811 323 819 340
Car 0.830623 897 306 929 357
Car 0.849738 933 306 968 353
Pedestrian 0.472396 151 340 167 355
Pedestrian 0.614954 156 344 175 358
Pedestrian 0.305047 669 343 678 365
Pedestrian 0.818622 820 345 830 361
Pedestrian 0.710945 846 341 855 358
Car 0.754993 991 317 1024 371
Pedestrian 0.259405 234 374 253 389
Pedestrian 0.706846 735 356 745 377
Pedestrian 0.681992 750 370 761 392
Pedestrian 0.423390 800 366 811 383
Pedestrian 0.280896 804 362 814 379
Pedestrian 0.692412 861 366 872 386
Motor 0.515731 232 377 257 394
Pedestrian 0.633194 716 389 729 407
Motor 0.345415 864 378 875 395
Car 0.559743 -1 394 21 424
Pedestrian 0.207247 393 410 408 423
Car 0.516569 37 415 114 455
Pedestrian 0.580664 614 417 630 436
Pedestrian 0.846862 730 427 742 446
Pedestrian 0.830150 751 424 763 440
Van 0.846091 1314 393 1356 464
Car 0.451980 207 456 271 498
Pedestrian 0.255511 1226 460 1242 475
Car 0.684263 135 481 211 524
Pedestrian 0.598336 1327 489 1343 505
Car 0.633106 294 483 375 526
Pedestrian 0.319375 1299 504 1316 522
Car 0.906402 435 518 522 567
Motor 0.780781 1249 527 1266 541
Car 0.831114 153 530 233 575
Car 0.722985 820 544 898 584
Car 0.582316 648 559 726 600
Car 0.838570 484 577 565 628
Pedestrian 0.805721 18 605 42 623
Motor 0.493506 1143 602 1163 619
Pedestrian 0.522926 1151 600 1168 617
Pedestrian 0.766354 1258 603 1277 619
Pedestrian 0.811797 163 632 184 648
Motor 0.955776 1078 627 1099 645
Pedestrian 0.752655 226 655 242 670
Pedestrian 0.563827 219 669 237 684
Motor 0.808645 1242 674 1271 691
Pedestrian 0.529803 217 681 234 697
Motor 0.702498 316 683 335 699
Pedestrian 0.587869 619 694 640 710
Pedestrian 0.825466 783 690 800 706
Motor 0.884796 996 686 1015 711
Pedestrian 0.446914 393 709 409 727
Pedestrian 0.654319 399 708 417 726
Pedestrian 0.384864 392 721 409 738
Pedestrian 0.577575 577 733 596 749
Pedestrian 0.401658 585 730 602 746
Pedestrian 0.480815 784 721 804 737
Motor 0.780527 1062 725 1085 745
Awning-tricycle 0.542262 429 746 454 771
Pedestrian 0.676426 508 751 529 768
Car 0.975817 1279 732 1386 777
Car 0.966232 1103 770 1192 838
Pedestrian 0.413168 12 844 30 864
Pedestrian 0.411113 659 874 676 895
Pedestrian 0.641436 646 1002 663 1040
