Bus 0.961879 432 261 630 331
Bus 0.994262 136 289 360 463
Bus 0.989801 788 358 944 458
Bus 0.361484 6 434 106 608
Car 0.911558 628 1 654 21
Pedestrian 0.254697 550 27 559 46
Van 0.907393 669 34 695 76
Car 0.842196 632 80 658 126
Car 0.801161 671 81 701 122
Pedestrian 0.300680 563 137 572 159
Pedestrian 0.336421 554 146 562 171
Pedestrian 0.939979 650 146 660 167
Pedestrian 0.503951 517 193 527 215
Car 0.881413 634 233 717 276
Van 0.688702 365 258 434 307
Car 0.997122 522 324 604 359
Pedestrian 0.551656 1182 466 1215 492
