Car 0.285795 917 165 937 193
Van 0.455947 83 174 104 202
Van 0.302470 166 200 188 220
Car 0.287803 195 203 215 218
Car 0.371216 221 207 246 226
Car 0.478001 83 226 111 243
Car 0.488842 280 220 306 238
Car 0.337280 322 227 341 248
Car 0.331303 137 237 171 260
Truck 0.328130 379 240 416 266
Car 0.915110 446 257 475 274
Car 0.762002 90 273 136 290
Car 0.903963 507 270 525 287
Car 0.236735 0 288 11 308
Car 0.584430 74 290 119 305
Car 0.414875 542 281 563 297
Car 0.913967 574 286 600 302
Car 0.919846 671 308 697 326
Car 0.664085 322 322 351 340
Car 0.819601 290 337 321 355
Car 0.983891 262 352 293 369
Car 0.958886 484 360 511 375
Van 0.367010 1197 347 1217 386
Van 0.674566 1212 353 1231 392
Car 0.506810 552 398 581 415
Van 0.699338 1337 383 1363 418
Car 0.733142 792 451 826 471
Car 0.926415 770 470 808 490
Van 0.769060 1062 464 1082 492
Van 0.390732 1077 465 1095 498
Car 0.992090 883 483 920 504
Van 0.448373 1088 470 1106 504
Car 0.724888 1103 482 1122 513
Car 0.837948 1263 477 1286 507
Car 0.927734 418 519 454 535
Car 0.957854 906 521 942 542
Car 0.648488 976 522 1012 542
Truck 0.294498 1116 510 1177 559
Car 0.381485 1059 554 1088 575
Van 0.563106 1062 556 1097 579
Truck 0.915069 1155 566 1226 608
Car 0.995524 616 590 651 608
Car 0.995270 743 603 779 622
Car 0.983073 649 620 690 639
Car 0.462675 98 636 132 652
Car 0.435295 1269 629 1300 648
Car 0.944946 918 653 957 672
Van 0.359807 1358 654 1397 674
Car 0.973898 1018 681 1053 700
Car 0.361742 699 779 716 787
Car 0.223564 1303 779 1353 787
