Car 0.279927 274 10 293 24
Car 0.761159 269 27 286 38
Car 0.829885 340 30 354 44
Car 0.800361 323 50 339 63
Car 0.467647 264 68 283 81
Car 0.480045 1285 55 1326 70
Car 0.913969 252 72 272 85
Car 0.507440 285 107 303 122
Truck 0.218933 438 100 465 129
Car 0.591610 280 116 295 129
Car 0.973596 307 122 327 137
Car 0.310413 371 124 392 141
Bus 0.764267 441 139 487 191
Car 0.957224 326 166 351 182
Car 0.882253 526 178 551 197
Bus 0.457030 395 190 427 223
Car 0.984054 587 206 621 228
Car 0.588503 1370 221 1391 238
Car 0.987888 659 548 701 597
Car 0.912777 915 654 972 713
