Car 0.250679 449 2 490 12
Car 0.369835 545 1 569 13
Car 0.659307 565 1 587 13
Car 0.820002 602 0 621 21
Car 0.724962 540 20 563 47
Car 0.889450 571 18 593 42
Van 0.306437 693 8 717 48
Pedestrian 0.451632 737 29 745 47
Car 0.875737 755 21 782 47
Car 0.236511 781 23 803 46
Car 0.389753 787 32 812 58
Car 0.429121 797 40 829 66
Car 0.956044 485 57 521 85
Car 0.977828 531 54 560 84
Car 0.727057 800 54 830 80
Car 0.926267 771 72 798 105
Car 0.831276 808 77 839 108
Car 0.719207 446 97 500 131
Motor 0.341399 286 114 342 142
Car 0.235094 384 110 435 142
Car 0.893126 818 133 856 171
Car 0.445422 350 155 436 192
Car 0.873843 847 187 897 237
Motor 0.596863 196 239 221 269
Car 0.940493 882 279 939 343
Car 0.986294 374 288 447 376
Car 0.946631 245 325 327 389
Motor 0.567377 74 355 118 388
Car 0.981808 913 353 975 428
Car 0.989562 937 437 1010 510
Pedestrian 0.490724 525 948 580 1014
