Van 0.621913 346 375 444 454
Car 0.964475 280 460 402 561
Car 0.268418 605 36 619 43
Car 0.581630 651 38 663 45
Car 0.212706 629 49 644 57
Car 0.595896 646 43 660 51
Car 0.280390 622 58 637 66
Car 0.653625 613 78 629 89
Car 0.842891 690 82 705 93
Car 0.313195 740 107 757 119
Car 0.737306 666 115 683 132
Car 0.981675 693 117 711 132
Car 0.414853 584 128 603 145
Car 0.906127 599 235 633 267
Car 0.989406 498 260 537 288
Motor 0.439794 823 271 834 291
Car 0.617989 48 353 97 380
Car 0.747822 530 423 575 468
Car 0.754672 122 457 231 516
