Bus 0.988609 556 54 650 191
Bus 0.995344 782 199 851 394
Bus 0.722406 130 275 333 427
Pedestrian 0.204324 190 0 198 5
Van 0.655790 607 0 647 23
Van 0.671551 884 5 924 67
Car 0.904958 472 68 515 115
Car 0.918064 873 80 909 134
Car 0.763061 530 119 562 175
Van 0.984049 406 148 464 209
Car 0.944739 869 152 898 203
Car 0.990102 886 222 923 294
Pedestrian 0.451176 982 297 991 321
Pedestrian 0.780188 985 319 995 339
Pedestrian 0.481002 1008 324 1018 345
Pedestrian 0.722959 1031 351 1042 369
Pedestrian 0.474432 851 419 862 441
Pedestrian 0.918365 870 423 882 445
Pedestrian 0.740907 894 437 906 458
Pedestrian 0.252874 261 638 273 653
Pedestrian 0.289725 266 638 279 657
Pedestrian 0.618191 895 643 909 663
Pedestrian 0.645919 247 670 261 685
Pedestrian 0.286784 293 657 306 679
