Car 0.942439 650 593 715 730
Car 0.734411 861 663 939 818
Car 0.983012 645 798 723 990
Motor 0.253942 518 20 548 42
Motor 0.382780 520 36 549 58
Car 0.452853 786 30 826 85
Pedestrian 0.839354 850 37 863 67
Pedestrian 0.435509 772 97 795 123
Motor 0.823574 916 95 950 120
Bike 0.474741 504 119 526 143
Pedestrian 0.971167 634 136 649 171
Bike 0.265139 949 139 974 162
Bike 0.485286 950 157 977 182
Motor 0.375511 955 205 988 226
Motor 0.873890 492 223 538 243
Car 0.957051 811 204 859 276
Motor 0.831526 495 241 534 261
Motor 0.711658 488 264 521 287
Motor 0.771126 486 285 519 308
Motor 0.235131 640 283 660 315
Motor 0.535812 491 357 514 392
Motor 0.848083 450 379 495 406
Van 0.851825 830 331 886 440
Motor 0.667627 972 372 994 411
Motor 0.841962 446 401 497 426
Pedestrian 0.980416 549 441 566 478
Bike 0.463512 456 480 501 515
Car 0.665601 660 457 715 573
Motor 0.564382 433 545 490 570
Motor 0.735446 396 634 447 667
Motor 0.401268 1042 673 1064 726
Pedestrian 0.342087 588 789 603 831
Motor 0.626637 342 861 417 899
Van 0.785153 254 995 473 1048
