Car 0.239711 660 385 668 392
Truck 0.653420 679 383 692 397
Truck 0.416201 704 391 716 403
Car 0.201947 727 402 738 414
Car 0.503268 754 411 766 423
Car 0.785317 818 406 832 416
Car 0.294195 837 409 848 419
Car 0.843156 742 433 756 447
Pedestrian 0.262123 926 430 936 441
Car 0.969505 804 447 822 464
Car 0.981678 834 461 855 481
Pedestrian 0.635228 1003 475 1012 486
Pedestrian 0.621702 823 492 832 507
Van 0.636245 877 484 907 511
Car 0.493114 976 478 1008 499
Pedestrian 0.731273 1031 483 1041 494
Pedestrian 0.552443 1074 496 1084 510
Motor 0.727729 1073 499 1085 512
Pedestrian 0.906487 1107 510 1118 525
Car 0.905689 922 513 960 540
Pedestrian 0.896494 1160 527 1172 541
Pedestrian 0.723389 1182 527 1192 541
Pedestrian 0.915500 942 548 958 567
Car 0.946509 998 560 1049 604
Car 0.981115 1035 554 1092 587
Car 0.994022 1140 638 1217 686
Car 0.984413 1227 648 1318 702
Pedestrian 0.647137 1172 687 1189 716
Motor 0.659142 1170 697 1194 726
