Bus 0.794269 1136 952 1363 1053
Truck 0.220299 3 166 21 183
Car 0.266873 34 161 56 173
Car 0.282112 319 165 341 177
Car 0.494312 1076 159 1092 171
Car 0.740606 53 189 80 202
Truck 0.219752 349 175 384 195
Car 0.360183 100 220 130 235
Car 0.973386 969 216 994 235
Pedestrian 0.239748 397 331 405 347
Car 0.974360 548 491 598 542
Pedestrian 0.859212 639 514 650 537
Pedestrian 0.825542 722 563 733 586
Pedestrian 0.899441 763 572 775 594
Pedestrian 0.959764 928 729 944 752
Pedestrian 0.988047 950 723 964 748
Motor 0.406500 929 738 945 762
Pedestrian 0.666058 1284 917 1309 944
Pedestrian 0.730523 1317 929 1340 954
Pedestrian 0.277916 1304 951 1328 979
Pedestrian 0.625015 1312 939 1338 969
Pedestrian 0.640427 1369 953 1392 978
Pedestrian 0.924161 1061 966 1085 997
Pedestrian 0.259979 1357 960 1382 984
