Car 0.990632 850 825 921 943
Van 0.735538 667 910 740 1048
Van 0.237438 1309 923 1394 1037
Car 0.493126 694 267 714 289
Car 0.358972 725 268 744 290
Pedestrian 0.215349 730 277 742 297
Car 0.346582 688 298 706 317
Car 0.228537 768 321 788 343
Car 0.780174 765 338 789 362
Car 0.913677 763 352 790 379
Car 0.879680 774 379 806 409
Motor 0.676677 783 401 802 420
Car 0.785077 781 428 813 466
Motor 0.439179 794 458 814 482
Motor 0.402952 803 458 824 481
Pedestrian 0.709501 781 494 798 532
Car 0.500671 778 481 825 535
Motor 0.963638 672 522 706 543
Car 0.652395 792 523 845 576
Car 0.970073 801 586 844 650
Motor 0.238629 662 749 694 771
Motor 0.277561 660 760 691 791
Car 0.903096 771 745 833 858
Motor 0.367730 636 824 681 855
Pedestrian 0.955083 822 914 839 961
Car 0.967595 864 955 940 1046
