Car 0.598280 453 274 471 285
Car 0.588787 497 288 517 300
Car 0.649427 502 293 525 305
Car 0.221227 513 315 529 326
Car 0.230422 512 349 534 369
Car 0.326567 533 348 554 368
Car 0.648296 515 361 540 384
Car 0.930776 574 388 597 404
Car 0.942972 564 413 585 430
Bus 0.407869 9 413 128 453
Car 0.981688 538 426 561 443
Car 0.541812 712 428 738 448
Car 0.966532 597 448 622 466
Car 0.986986 717 491 752 522
Car 0.963731 772 511 807 543
Van 0.498045 299 601 328 636
Car 0.345167 335 598 368 633
Car 0.926818 632 601 668 637
Car 0.224644 261 615 297 651
Car 0.660839 402 700 435 738
Car 0.962604 813 694 872 755
Car 0.832126 352 730 387 766
Car 0.439507 350 780 386 787
