Car 0.221350 945 0 962 9
Pedestrian 0.299127 983 49 993 62
Car 0.664083 1256 36 1276 52
Car 0.225186 897 86 913 101
Car 0.325079 946 85 961 104
Car 0.582073 943 97 964 116
Truck 0.215778 1117 108 1156 133
Pedestrian 0.357749 859 125 868 140
Truck 0.764162 1174 119 1222 144
Truck 0.697059 1250 128 1301 153
Van 0.593274 1321 130 1355 155
Van 0.434866 1402 130 1449 153
Truck 0.693865 1587 125 1666 159
Truck 0.231892 1682 124 1742 156
Truck 0.463677 844 149 883 173
Car 0.753278 1446 148 1481 165
Car 0.687020 782 167 826 188
Van 0.791529 1546 187 1589 213
Motor 0.226102 786 212 800 225
Van 0.293376 1435 209 1474 232
Car 0.720463 1470 202 1506 226
Van 0.700721 1530 196 1583 225
Car 0.925996 953 232 988 261
Car 0.891031 1179 224 1215 251
Van 0.437864 1387 228 1422 260
Car 0.325454 1431 219 1485 243
Car 0.658279 1550 224 1607 245
Pedestrian 0.270754 845 253 854 269
Car 0.831974 912 256 936 285
Car 0.952955 1007 271 1042 302
Car 0.607807 1415 258 1466 288
Car 0.498451 746 285 780 310
Truck 0.202171 845 285 883 329
Car 0.741310 903 296 926 329
Car 0.272552 825 350 846 378
Car 0.947451 861 349 887 380
Truck 0.919096 892 356 926 423
Car 0.619491 857 375 880 420
Car 0.897956 720 403 788 435
Van 0.709593 715 429 783 462
Car 0.971830 850 421 881 456
Car 0.757456 706 457 774 487
Car 0.303244 883 453 910 487
Car 0.954110 846 461 875 498
Truck 0.495842 688 478 780 535
Truck 0.949157 871 464 915 552
Van 0.871992 717 529 783 565
Car 0.869909 892 551 933 605
Pedestrian 0.554329 797 567 811 601
Van 0.956508 1359 554 1416 610
Van 0.734319 674 575 760 628
Car 0.847195 806 631 851 691
Car 0.862293 856 627 894 687
Motor 0.239601 651 695 666 730
Car 0.938487 844 687 886 757
Car 0.975234 161 971 287 1031
Car 0.995870 314 974 427 1027
Car 0.932939 796 1000 856 1078
