Car 0.701639 889 9 916 34
Car 0.898927 836 39 857 64
Pedestrian 0.323187 48 87 54 100
Pedestrian 0.274608 17 110 24 120
Pedestrian 0.295523 125 127 132 136
Pedestrian 0.468321 166 200 173 213
Pedestrian 0.272937 1383 196 1390 206
Pedestrian 0.419952 173 209 179 222
Pedestrian 0.468437 1354 219 1361 227
Pedestrian 0.213391 497 367 506 378
Pedestrian 0.213510 147 377 158 392
Pedestrian 0.204155 163 378 175 395
Pedestrian 0.250151 33 450 45 464
Pedestrian 0.235049 109 455 118 470
Pedestrian 0.222521 141 453 150 467
Pedestrian 0.463498 733 491 742 501
Pedestrian 0.685364 22 498 38 510
Pedestrian 0.631068 115 521 127 532
Pedestrian 0.220924 93 532 107 544
Pedestrian 0.333755 114 529 126 541
Pedestrian 0.369883 140 567 152 579
Pedestrian 0.510324 31 580 47 594
Pedestrian 0.493317 124 580 137 593
Pedestrian 0.286074 134 570 147 585
Car 0.664727 1281 592 1311 626
Car 0.776688 1312 588 1351 633
Pedestrian 0.226243 176 641 190 653
Pedestrian 0.287731 943 667 951 680
Pedestrian 0.788710 38 685 57 700
Pedestrian 0.324819 88 681 105 695
Truck 0.331968 691 698 802 749
Car 0.271200 663 738 693 760
Car 0.308872 614 753 648 775
Car 0.385147 639 746 676 771
Pedestrian 0.590522 58 771 74 784
Pedestrian 0.293196 195 774 208 785
Car 0.244158 578 773 620 785
Car 0.254589 792 766 846 787
Car 0.298650 1253 766 1309 786
Car 0.499159 1326 775 1385 786
