Car 0.235140 1258 87 1302 108
Car 0.651996 1560 87 1590 105
Car 0.884090 1289 213 1352 238
Car 0.987281 1173 319 1237 356
Pedestrian 0.463257 1309 328 1321 348
Car 0.963035 1153 343 1220 384
Car 0.556928 1786 340 1835 378
Car 0.888363 1109 382 1184 428
Car 0.906239 1799 391 1842 445
Car 0.953477 1070 418 1148 466
Car 0.390444 1772 468 1822 509
Car 0.259802 1899 465 1915 513
Car 0.981412 976 510 1062 558
Car 0.288064 1770 526 1807 567
Car 0.314789 1903 515 1913 584
Car 0.958984 941 537 1037 587
Car 0.982934 1092 542 1149 602
Car 0.996509 920 565 1012 620
Tricycle 0.414520 876 638 926 670
Tricycle 0.508337 1781 654 1810 689
Car 0.756241 1796 702 1851 777
Car 0.927016 837 715 925 789
Car 0.967657 1780 783 1847 881
Pedestrian 0.851506 741 938 758 982
Pedestrian 0.477029 749 960 769 1002
Pedestrian 0.947405 778 961 797 1002
Car 0.233171 1779 1021 1852 1076
