Car 0.516102 1248 50 1257 60
Car 0.506938 1268 66 1277 76
Car 0.651299 1266 76 1276 87
Car 0.666641 1267 95 1278 106
Car 0.322997 1255 108 1265 120
Van 0.324614 1239 127 1251 140
Car 0.436695 1309 128 1323 140
Van 0.231206 1234 135 1248 152
Car 0.556359 1284 136 1297 148
Car 0.505854 1240 148 1253 161
Car 0.252342 1263 156 1275 169
Car 0.713940 1291 162 1305 177
Car 0.761274 1313 175 1328 192
Car 0.504294 1344 223 1365 240
Car 0.762093 1262 258 1280 276
Car 0.818991 1298 265 1319 282
Van 0.577871 1112 287 1162 302
Truck 0.501620 908 296 936 327
Van 0.609193 935 298 958 328
Car 0.397735 965 293 990 315
Car 0.481084 1003 295 1027 319
Van 0.738021 1087 303 1147 320
Van 0.797767 1119 317 1170 335
Car 0.822990 1374 317 1395 336
Car 0.925184 1122 331 1169 348
Car 0.519783 926 341 947 370
Car 0.849654 951 345 974 371
Car 0.354091 894 353 917 388
Car 0.261457 922 356 943 385
Car 0.927879 1002 352 1025 380
Car 0.722100 1079 365 1131 384
Van 0.738635 1322 343 1347 384
Car 0.787473 924 368 948 395
Car 0.555882 1067 384 1126 408
Car 0.876725 1126 393 1182 414
Car 0.216753 878 400 902 436
Car 0.852072 36 418 61 441
Van 0.300436 940 417 965 446
Car 0.692938 959 418 985 449
Van 0.544944 906 438 938 478
Van 0.662686 941 450 970 483
Car 0.858704 1351 443 1379 469
Car 0.668018 112 477 145 509
Car 0.354760 959 507 991 544
Motor 0.927860 1304 542 1315 559
Car 0.869671 189 559 237 589
Car 0.747079 235 546 282 578
Car 0.880844 123 575 165 602
Car 0.920250 1319 583 1348 619
Van 0.835357 59 592 103 631
Car 0.979971 338 687 394 722
Car 0.916801 110 703 156 744
Van 0.736508 1244 703 1279 748
Van 0.523632 187 714 231 758
Car 0.716649 1293 752 1333 787
Car 0.478781 455 762 507 787
