Truck 0.207198 1057 321 1216 432
Van 0.649146 75 717 303 863
Car 0.984170 886 335 954 395
Pedestrian 0.764577 1015 385 1033 419
Car 0.316202 1058 344 1176 433
Pedestrian 0.323867 784 397 803 435
Pedestrian 0.615764 806 398 825 436
Pedestrian 0.212536 596 482 626 516
Pedestrian 0.310347 665 467 689 513
Pedestrian 0.360298 610 496 638 536
Pedestrian 0.428457 651 485 675 530
Pedestrian 0.902350 591 512 620 559
Pedestrian 0.531731 654 510 679 554
Pedestrian 0.343246 609 540 633 577
Car 0.340548 -2 820 36 933
Pedestrian 0.934631 498 877 536 948
