Truck 0.982980 818 395 894 499
Bus 0.789956 1236 690 1401 786
Car 0.790648 1308 103 1349 134
Car 0.664526 1153 117 1187 151
Car 0.655202 1178 114 1214 147
Car 0.727418 1236 113 1271 144
Car 0.636920 1265 112 1301 141
Car 0.643901 1282 110 1321 140
Car 0.739709 1074 131 1112 166
Car 0.622522 1097 126 1134 159
Car 0.704508 1123 123 1162 155
Car 0.722220 1204 126 1238 158
Car 0.477880 1017 143 1054 177
Car 0.768645 1040 137 1077 172
Car 0.677840 1129 150 1176 176
Car 0.848071 993 158 1028 196
Car 0.421619 1008 152 1045 190
Car 0.857496 1362 162 1399 194
Car 0.788070 909 167 941 200
Car 0.745013 938 166 970 202
Car 0.634840 960 164 992 203
Car 0.900535 700 189 737 228
Car 0.600398 720 185 752 222
Car 0.664193 796 189 826 224
Car 0.574812 657 205 693 240
Car 0.898766 761 199 797 233
Car 0.361786 452 217 494 249
Car 0.751463 636 214 677 260
Car 0.855616 791 286 832 332
Car 0.830947 898 291 933 338
Car 0.250844 717 300 765 344
Car 0.884572 839 301 887 348
Car 0.332083 630 321 686 367
Car 0.437312 798 320 829 361
Car 0.747910 675 335 716 383
Van 0.520241 715 327 760 388
Car 0.890145 606 349 664 389
Car 0.266975 817 348 856 396
Car 0.630191 601 363 656 404
Car 0.896940 595 394 651 444
Car 0.765609 628 399 675 446
Van 0.851778 771 418 814 479
Car 0.667348 932 458 962 498
Car 0.574696 955 688 1021 731
Car 0.520342 876 696 935 782
Car 0.483044 923 716 978 788
Motor 0.224271 1069 771 1112 786
