Car 0.303553 1290 3 1306 10
Car 0.330163 1266 14 1282 23
Car 0.915685 1295 36 1312 46
Car 0.264278 1225 52 1244 63
Car 0.808983 1231 48 1248 59
Car 0.642844 1209 58 1227 70
Car 0.930673 1250 63 1266 75
Car 0.943368 1105 78 1127 91
Car 0.771708 1187 71 1204 83
Car 0.395412 1206 80 1222 94
Car 0.921384 1073 95 1096 109
Car 0.891856 1141 90 1163 103
Car 0.670865 1203 84 1222 99
Car 0.879339 990 105 1013 120
Car 0.933323 1034 103 1056 117
Car 0.733869 1121 109 1144 124
Car 0.932121 1152 111 1175 125
Car 0.324692 968 127 986 140
Car 0.829940 995 129 1024 144
Car 0.939984 1030 153 1057 170
Car 0.332485 848 160 880 175
Car 0.947883 746 200 780 219
Car 0.915322 653 233 699 255
Truck 0.393841 867 221 949 274
Car 0.755717 759 252 807 281
Car 0.779560 1273 290 1297 312
Car 0.975276 438 328 501 360
Car 0.984436 567 369 625 408
Car 0.543519 1247 442 1286 472
Car 0.970565 331 445 413 498
Car 0.200420 1231 472 1266 503
Truck 0.565962 1204 473 1260 539
Car 0.967040 873 636 922 690
Car 0.567048 915 642 957 698
Van 0.761296 755 669 834 711
Car 0.724420 958 661 1005 714
Car 0.476614 730 699 808 738
Car 0.912503 702 729 784 772
Car 0.261631 891 780 959 787
Car 0.311397 1071 779 1155 787
