Car 0.231190 123 2 140 12
Car 0.581442 129 0 146 9
Car 0.939139 35 18 53 33
Car 0.813766 115 15 131 31
Car 0.488725 132 12 150 30
Car 0.311369 354 20 379 35
Car 0.808485 387 14 410 27
Car 0.847941 107 33 124 50
Car 0.956921 107 56 124 74
Car 0.599782 94 92 110 108
Car 0.952594 116 85 135 102
Car 0.354192 367 100 388 116
Car 0.883729 33 138 55 157
Car 0.678549 109 125 131 148
Car 0.864368 174 137 197 157
Car 0.373319 403 129 422 149
Car 0.730023 1192 132 1234 149
Car 0.967127 132 152 160 178
Car 0.610063 197 173 226 199
Car 0.852831 460 182 483 204
Car 0.820022 197 204 228 231
Car 0.995113 165 237 195 258
Car 0.989517 396 271 432 299
Pedestrian 0.548598 606 354 617 368
Car 0.793449 674 337 718 364
Motor 0.901363 604 359 621 375
Car 0.738357 487 364 541 395
Car 0.851802 851 402 913 435
Car 0.984161 449 432 510 465
Car 0.983455 378 450 419 484
Car 0.391132 11 457 61 485
Car 0.595599 269 475 314 516
Car 0.970226 892 496 978 547
Car 0.833764 1197 496 1296 539
Car 0.917774 1297 636 1400 691
Car 0.612604 631 668 701 718
Car 0.815824 503 743 592 784
