Car 0.459607 464 0 490 4
Car 0.396104 518 0 541 4
Truck 0.255272 283 35 320 66
Car 0.927296 556 52 577 74
Van 0.230040 290 69 320 93
Pedestrian 0.243658 334 80 347 98
Car 0.812745 545 102 566 130
Van 0.970053 658 186 682 219
Pedestrian 0.583254 13 378 26 395
Pedestrian 0.238518 22 375 36 394
Car 0.904168 734 363 765 403
Pedestrian 0.868347 92 410 106 431
Pedestrian 0.744712 103 410 117 430
Car 0.955862 945 429 981 474
Car 0.944603 672 490 705 537
Car 0.921879 718 505 751 552
Van 0.713315 790 534 827 598
Car 0.963633 1072 601 1119 669
Car 0.517074 1035 717 1078 787
Bus 0.330496 1122 731 1177 787
Car 0.209645 1356 751 1398 782
