Truck 0.949634 697 594 799 688
Car 0.339669 653 1 666 16
Car 0.270307 625 7 641 30
Car 0.528923 651 10 665 29
Car 0.489770 663 53 679 74
Car 0.587203 594 69 612 96
Car 0.902507 633 119 650 142
Car 0.325401 632 132 648 154
Car 0.933167 597 147 614 170
Car 0.600392 625 147 640 167
Car 0.614919 589 168 604 187
Car 0.724779 619 162 636 188
Car 0.430218 588 176 603 196
Car 0.821830 586 191 601 216
Car 0.973623 618 193 635 216
Car 0.919523 526 264 566 282
Car 0.964619 647 302 685 330
Van 0.438415 333 311 397 347
Truck 0.941338 23 352 115 400
Car 0.438210 210 381 252 413
Car 0.981979 939 425 994 459
