Bus 0.978889 1052 70 1156 165
Bus 0.770899 543 500 621 585
Van 0.208955 978 0 1028 19
Car 0.931079 981 64 1025 88
Car 0.723680 664 168 709 191
Car 0.817989 710 183 766 211
Car 0.974966 947 185 1002 227
Car 0.886901 345 257 405 282
Car 0.978426 605 298 669 331
Car 0.245461 820 306 853 331
Car 0.944647 785 328 832 376
Car 0.694848 842 338 876 377
Car 0.991178 702 384 763 424
Car 0.694079 1081 377 1120 420
Car 0.973568 777 392 828 432
Car 0.983831 637 414 696 449
Car 0.980627 572 433 625 471
Car 0.986596 702 424 757 457
Car 0.979012 491 455 556 496
Car 0.994336 630 454 689 498
Car 0.940134 25 466 117 511
Car 0.856458 427 472 491 513
Car 0.852631 357 485 421 527
Car 0.955751 41 499 133 551
Car 0.859980 334 556 404 602
Car 0.932648 101 613 181 661
Car 0.591706 433 637 488 702
