Truck 0.314232 385 426 554 547
Car 0.946390 772 842 923 963
Car 0.312503 155 54 181 71
Car 0.238116 187 123 222 139
Truck 0.206526 209 123 248 144
Pedestrian 0.812737 18 140 27 155
Car 0.865569 214 140 259 159
Van 0.551587 272 132 304 161
Tricycle 0.610440 322 178 354 203
Motor 0.330001 343 189 366 209
Truck 0.694776 262 190 318 218
Motor 0.306465 355 195 369 211
Car 0.966794 288 216 350 240
Car 0.972741 305 235 360 259
Pedestrian 0.397138 575 316 586 337
Car 0.991470 394 387 480 432
Pedestrian 0.595868 689 397 702 425
Pedestrian 0.412990 702 399 715 425
Pedestrian 0.971220 658 431 670 466
Pedestrian 0.399285 756 458 776 484
Pedestrian 0.470252 759 550 775 576
Pedestrian 0.584169 764 555 781 586
Car 0.997886 523 562 629 623
Car 0.993583 598 614 708 686
Pedestrian 0.948408 1106 720 1128 753
Pedestrian 0.970411 1105 737 1128 772
