Bus 0.981779 32 175 127 283
Bus 0.293279 99 193 182 321
Bus 0.882716 148 229 237 345
Bus 0.936710 214 236 299 346
Bus 0.412766 0 249 75 375
Bus 0.873832 247 248 340 374
Bus 0.923591 349 252 436 370
Car 0.240549 162 82 194 106
Bus 0.514696 163 101 277 164
Van 0.833656 692 131 723 183
Car 0.532663 884 139 912 173
Bus 0.636687 576 145 617 233
Bus 0.779706 820 152 853 254
Bus 0.406581 -1 195 23 274
Truck 0.452450 1183 237 1218 297
Truck 0.208300 562 251 596 336
Bus 0.773568 918 286 1012 344
Truck 0.473259 1165 287 1213 342
Car 0.243102 261 329 302 382
Van 0.535061 1115 329 1179 375
Van 0.631533 999 366 1064 407
Car 0.734787 1295 422 1349 478
Car 0.414142 971 563 1055 596
