Car 0.693206 964 1 997 11
Car 0.271494 990 0 1019 7
Car 0.876131 1705 4 1724 16
Car 0.457504 1853 3 1874 12
Car 0.678385 1009 21 1041 42
Car 0.869289 1026 22 1056 43
Car 0.349272 1514 15 1547 34
Car 0.656139 1674 17 1695 36
Car 0.333254 1828 23 1851 40
Car 0.244792 1837 19 1863 35
Car 0.293672 1886 20 1905 35
Car 0.748806 1001 44 1028 63
Car 0.951634 1041 40 1070 62
Car 0.702955 1078 48 1109 68
Car 0.417833 1089 48 1135 67
Truck 0.656396 1623 36 1652 65
Car 0.252681 1884 43 1908 64
Car 0.961658 1103 61 1148 83
Van 0.454384 1593 61 1625 85
Car 0.219631 1663 52 1688 78
Car 0.821951 1844 65 1878 85
Car 0.234194 1883 65 1908 83
Tricycle 0.273068 1007 89 1025 108
Car 0.803686 1549 83 1582 106
Tricycle 0.233087 1052 94 1070 114
Van 0.709286 1521 95 1554 124
Car 0.728527 1802 96 1842 120
Car 0.893022 1581 130 1622 155
Pedestrian 0.357126 1643 134 1652 149
Van 0.564487 1693 113 1733 138
Car 0.224806 1054 146 1087 175
Car 0.744451 1623 144 1655 171
Motor 0.750154 1175 172 1188 186
Motor 0.384408 1417 168 1428 183
Car 0.432750 1615 154 1648 182
Motor 0.238173 1461 183 1471 199
Pedestrian 0.474672 1262 218 1273 230
Car 0.953890 1577 204 1613 237
Car 0.955059 1703 197 1745 228
Pedestrian 0.354713 1166 257 1178 275
Motor 0.849665 1807 334 1829 354
Truck 0.260282 1052 341 1123 401
Car 0.449491 1035 365 1084 404
Car 0.967604 1771 364 1845 413
Car 0.804219 999 385 1059 431
Car 0.850742 934 417 999 470
Car 0.991987 864 462 940 517
Pedestrian 0.222314 1177 563 1198 586
Car 0.972101 531 649 617 712
Van 0.681467 698 960 804 1049
