Car 0.538203 764 0 776 7
Car 0.594577 922 1 938 18
Car 0.914217 767 15 779 33
Car 0.343016 682 24 695 42
Car 0.360230 706 30 720 47
Car 0.326253 941 45 959 60
Car 0.356170 699 60 714 76
Car 0.691800 940 58 963 74
Car 0.338320 952 73 980 93
Car 0.244861 687 91 702 107
Truck 0.248703 949 80 1006 117
Car 0.820289 646 99 661 118
Car 0.249811 944 100 969 119
Car 0.915308 697 121 716 143
Car 0.624053 651 142 665 162
Car 0.412797 1003 175 1027 195
Car 0.972316 1024 191 1053 211
Car 0.255921 622 242 637 265
Car 0.517203 723 242 737 267
Car 0.293448 932 246 962 264
Car 0.581122 927 251 953 269
Car 0.796222 938 255 968 275
Car 0.854855 696 271 711 297
Van 0.823789 758 265 774 292
Car 0.364133 947 268 979 288
Car 0.238265 957 269 992 290
Car 0.204795 1270 408 1302 433
Car 0.701744 1321 401 1357 429
Car 0.489388 1368 433 1395 465
Car 0.966448 733 455 754 490
Car 0.677041 1292 531 1327 564
Pedestrian 0.832712 916 609 924 620
Car 0.917006 768 616 807 651
Car 0.270948 1342 615 1363 649
Car 0.333031 183 665 216 692
Car 0.967999 491 656 523 697
Van 0.505111 119 666 179 703
Car 0.802087 1286 689 1318 727
Car 0.237244 256 755 298 785
Car 0.457299 203 778 245 787
Car 0.621411 453 776 496 787
