Car 0.383002 231 2 238 10
Car 0.449794 322 28 342 41
Car 0.525031 350 48 375 61
Car 0.325690 396 87 418 101
Van 0.529358 379 105 408 119
Pedestrian 0.297865 448 119 454 130
Motor 0.333472 548 183 556 196
Pedestrian 0.658861 322 205 329 219
Pedestrian 0.786348 579 222 586 235
Pedestrian 0.721125 593 221 600 235
Car 0.954239 419 265 446 290
Pedestrian 0.657061 665 287 672 303
Pedestrian 0.647621 677 288 685 305
Car 0.544519 652 301 667 320
Pedestrian 0.537728 680 302 687 318
Pedestrian 0.750151 691 321 698 337
Pedestrian 0.548901 709 324 718 340
Motor 0.290333 727 328 738 344
Car 0.934528 480 345 507 375
Pedestrian 0.941400 707 351 715 368
Pedestrian 0.874499 1082 364 1093 379
Car 0.990054 976 375 1025 402
Pedestrian 0.280532 810 409 820 426
Pedestrian 0.963672 768 422 775 441
Pedestrian 0.900411 790 431 799 448
Pedestrian 0.958013 820 430 829 446
Pedestrian 0.895872 785 437 793 455
Pedestrian 0.836044 843 470 852 487
Pedestrian 0.936594 395 487 407 506
Pedestrian 0.944167 836 485 845 508
Car 0.986249 987 567 1069 634
Motor 0.502652 1130 651 1163 675
