Car 0.423944 837 150 847 159
Car 0.515699 832 162 842 171
Car 0.219773 871 169 882 180
Car 0.933290 833 182 845 192
Car 0.246168 877 189 889 200
Car 0.206627 884 193 902 203
Car 0.256718 880 199 892 210
Car 0.907337 885 207 901 219
Car 0.943304 892 223 906 237
Car 0.939361 868 251 882 267
Car 0.245410 896 243 908 257
Car 0.266017 842 259 852 274
Car 0.613911 840 281 859 302
Car 0.419347 903 285 920 302
Pedestrian 0.282596 851 332 859 345
Pedestrian 0.439446 859 332 867 346
Car 0.902933 890 325 909 345
Car 0.319750 771 348 804 368
Motor 0.340024 860 339 869 352
Car 0.952448 811 357 840 381
Awning-tricycle 0.381841 855 365 870 391
Motor 0.604778 769 405 779 424
Motor 0.828483 868 405 876 420
Car 0.800356 932 403 963 429
Pedestrian 0.365991 754 432 761 449
Car 0.880305 827 423 846 454
Motor 0.384952 759 439 767 458
Awning-tricycle 0.407525 861 437 873 461
Motor 0.497209 771 462 781 483
Car 0.482124 957 482 988 518
Pedestrian 0.473757 766 524 775 544
Car 0.294539 794 515 828 542
Car 0.906357 968 517 998 555
Motor 0.336602 767 564 779 586
Car 0.714482 977 554 1006 593
Pedestrian 0.594031 734 584 742 609
Motor 0.484762 768 585 781 608
Motor 0.764787 853 583 863 607
Pedestrian 0.338020 756 618 766 644
Car 0.591467 996 621 1037 659
Pedestrian 0.859387 862 669 874 690
Van 0.322434 1000 640 1041 700
Bus 0.951592 920 665 977 795
Van 0.515827 1015 704 1058 754
Car 0.449399 1044 751 1089 811
Car 0.955682 759 769 829 834
Pedestrian 0.783155 856 811 871 835
Motor 0.873748 856 818 875 849
Van 0.698347 1054 816 1102 904
Motor 0.302532 1108 863 1142 893
Motor 0.725915 1121 866 1160 893
Motor 0.566076 492 879 536 901
Car 0.963038 570 859 648 936
Motor 0.933479 1125 906 1175 932
Pedestrian 0.922795 735 925 755 952
Pedestrian 0.208851 745 930 768 955
Car 0.858356 1073 908 1139 1007
Van 0.536665 -3 948 43 1006
Motor 0.341719 1211 959 1239 987
Pedestrian 0.372988 873 993 890 1016
Pedestrian 0.577597 561 1013 585 1040
Motor 0.843163 873 997 894 1035
Car 0.883453 1039 986 1101 1049
Motor 0.590131 553 1021 595 1045
