Van 0.965006 839 446 931 538
Car 0.995786 915 540 1010 635
Truck 0.982119 229 556 374 683
Car 0.978212 1002 657 1100 765
Van 0.591609 8 1 91 42
Car 0.972466 88 24 173 69
Car 0.523515 174 46 251 95
Car 0.628308 261 65 342 108
Car 0.885367 1257 166 1338 216
Car 0.994013 1172 191 1256 237
Car 0.889682 571 203 643 259
Car 0.860094 534 222 621 288
Car 0.332394 121 335 180 383
Van 0.989571 411 333 515 390
Van 0.848080 165 384 242 451
Car 0.997788 725 385 822 436
Van 0.919542 560 418 671 484
Car 0.687099 191 476 257 561
Car 0.972536 402 507 495 576
Car 0.472681 131 745 220 787
Pedestrian 0.275456 1303 747 1328 770
