Car 0.561593 946 300 1031 338
Pedestrian 0.961824 1064 340 1077 367
Pedestrian 0.954648 1137 368 1151 390
Bike 0.419852 916 407 943 426
Pedestrian 0.525840 1380 441 1398 468
Pedestrian 0.324278 1315 470 1340 490
Pedestrian 0.260108 1383 456 1396 476
Pedestrian 0.278160 902 477 918 494
Pedestrian 0.250089 1349 504 1373 526
Pedestrian 0.307671 1373 508 1387 524
Pedestrian 0.417397 686 523 698 548
Pedestrian 0.472892 704 520 726 547
Pedestrian 0.993061 739 526 750 548
Pedestrian 0.982351 736 560 748 584
Pedestrian 0.316175 96 580 113 607
Pedestrian 0.892893 730 589 741 614
Car 0.383358 0 600 8 669
Car 0.990891 479 599 590 672
Pedestrian 0.891894 49 666 72 697
Pedestrian 0.889365 31 675 54 706
Pedestrian 0.975566 415 784 435 813
Pedestrian 0.657795 442 778 461 807
Pedestrian 0.855217 449 782 471 812
Pedestrian 0.990328 429 805 448 836
Pedestrian 0.907265 455 802 475 832
Pedestrian 0.783479 387 844 408 881
Pedestrian 0.308341 395 853 417 889
Pedestrian 0.201502 130 953 153 979
Pedestrian 0.927798 131 961 158 995
