Bus 0.242061 434 702 515 786
Car 0.338486 913 0 936 9
Car 0.906103 558 2 596 45
Car 0.976313 612 -1 640 33
Car 0.970442 820 9 841 47
Car 0.974299 387 20 441 66
Car 0.841668 571 54 611 93
Car 0.934134 500 60 554 105
Car 0.499163 51 98 116 140
Pedestrian 0.355789 219 109 241 127
Car 0.981045 510 95 560 132
Motor 0.533385 211 112 242 133
Car 0.951828 447 104 498 142
Car 0.688414 393 136 444 175
Car 0.983548 454 133 508 181
Car 0.969100 330 169 385 220
Car 0.769993 281 204 333 251
Bus 0.622547 402 194 464 264
Car 0.884353 214 233 273 276
Car 0.874188 221 289 283 338
Car 0.860047 784 299 810 360
Bus 0.627454 841 357 878 485
Car 0.927553 21 396 91 453
Car 0.932262 430 474 470 534
Car 0.986445 762 522 792 590
Car 0.927257 218 636 298 671
