Van 0.759750 349 65 373 96
Car 0.540419 536 93 573 122
Truck 0.238611 532 89 580 127
Pedestrian 0.661515 605 212 613 221
Car 0.808179 416 262 438 304
Car 0.663676 467 346 507 377
Car 0.961528 713 350 755 368
Car 0.750800 949 380 992 403
Car 0.883726 1158 406 1196 431
Car 0.970112 649 451 698 471
Car 0.990761 481 465 532 490
Van 0.508799 929 458 980 481
Car 0.950170 298 487 351 510
Van 0.873849 866 542 916 561
Car 0.713604 649 555 698 577
Van 0.567414 1084 550 1130 573
Van 0.709636 811 591 852 612
Car 0.973783 296 596 352 631
Van 0.715629 960 601 1008 621
Car 0.229550 1211 654 1255 683
Car 0.918574 718 676 766 698
Van 0.443243 129 695 185 730
