Bus 0.997877 428 470 497 629
Car 0.950036 490 42 509 60
Car 0.255419 632 58 649 77
Car 0.910466 638 61 657 78
Car 0.484708 619 73 638 93
Pedestrian 0.241129 841 73 847 85
Car 0.238556 621 87 642 110
Bus 0.984828 669 63 713 126
Car 0.277098 620 96 640 121
Pedestrian 0.273622 458 120 464 135
Bus 0.733617 472 96 502 153
Bus 0.747181 511 115 533 151
Van 0.502637 608 118 633 143
Car 0.213478 482 133 502 160
Van 0.649811 613 130 638 155
Pedestrian 0.513910 409 176 416 191
Car 0.995658 544 172 564 194
Pedestrian 0.260140 851 213 859 229
Car 0.993788 580 222 600 250
Car 0.993448 525 282 547 311
Pedestrian 0.815173 907 284 915 300
Pedestrian 0.382658 914 283 922 300
Car 0.954271 776 289 806 322
Pedestrian 0.605899 882 301 890 315
Pedestrian 0.487000 891 303 899 319
Pedestrian 0.356764 906 319 914 336
Pedestrian 0.539117 927 317 934 333
Pedestrian 0.437278 917 329 925 345
Car 0.998703 557 337 581 371
Car 0.927557 861 458 892 499
Car 0.979791 545 494 577 545
Car 0.849977 493 603 527 660
