Car 0.855711 608 2 632 22
Pedestrian 0.484957 834 0 840 14
Bus 0.896490 769 -3 804 86
Van 0.952126 729 23 750 71
Pedestrian 0.249151 816 43 822 62
Pedestrian 0.746620 836 46 841 62
Pedestrian 0.260924 820 139 827 158
Pedestrian 0.446977 822 144 829 164
Car 0.982001 732 144 753 193
Car 0.969671 451 238 479 285
Van 0.852654 548 257 575 312
Car 0.985605 741 271 772 323
Car 0.231315 705 327 725 360
Car 0.972796 766 379 805 443
Car 0.994550 553 426 588 490
Car 0.431920 18 501 60 546
Car 0.996593 906 514 974 556
Bus 0.313547 1089 545 1209 589
Van 0.987152 455 572 501 650
Car 0.984293 1 671 73 710
Car 0.815445 498 652 541 740
Van 0.951267 723 698 792 732
Pedestrian 0.219410 790 746 803 759
