Car 0.942488 810 585 899 669
Car 0.697340 1309 614 1398 708
Car 0.218385 485 4 502 16
Car 0.542380 389 13 410 27
Car 0.339242 471 14 487 25
Car 0.576454 486 12 503 23
Car 0.250834 508 16 526 29
Car 0.224631 112 35 132 44
Car 0.932204 428 65 449 82
Car 0.841057 483 71 504 85
Car 0.988437 504 94 529 111
Car 0.371416 594 102 614 120
Car 0.996647 462 118 485 136
Car 0.979459 520 151 549 171
Car 0.898317 691 182 725 208
Car 0.985674 509 189 539 214
Car 0.834832 597 249 635 280
Car 0.984722 607 322 656 367
Car 0.921688 214 354 244 388
Car 0.989992 986 365 1047 416
Car 0.754690 238 430 275 466
Car 0.788175 282 419 322 466
Car 0.987802 401 568 444 617
Car 0.990452 351 613 390 668
Car 0.896491 351 696 433 751
Car 0.681513 356 735 438 784
Car 0.695178 381 772 459 788
