Car 0.399899 1057 5 1064 13
Car 0.566221 1089 3 1096 10
Car 0.247938 1048 17 1055 25
Car 0.562629 1092 18 1098 26
Car 0.300846 1107 19 1113 28
Car 0.309682 1052 34 1060 45
Car 0.331743 1094 33 1101 42
Car 0.301225 1057 44 1064 53
Car 0.599686 1087 43 1095 53
Car 0.242261 1012 66 1023 76
Car 0.344080 1039 60 1048 71
Car 0.600801 1058 62 1066 72
Car 0.535353 1094 63 1102 73
Car 0.760192 1000 82 1012 93
Car 0.484613 1038 76 1047 87
Car 0.449741 1091 76 1101 87
Car 0.609470 924 94 937 105
Bus 0.262110 1086 89 1102 111
Car 0.536251 1029 106 1042 119
Bus 0.352061 1076 101 1097 124
Bus 0.309388 909 121 929 137
Car 0.522905 1052 121 1067 135
Bus 0.664968 933 132 958 167
Car 0.724935 1065 149 1078 163
Car 0.864108 983 171 997 185
Car 0.732254 904 181 916 193
Car 0.897514 938 183 949 196
Van 0.395184 869 233 884 247
Car 0.884016 904 222 919 236
Car 0.340924 917 222 931 237
Car 0.834526 886 255 899 269
Car 0.848802 842 276 858 290
Car 0.942408 890 292 904 308
Car 0.936123 863 308 879 324
Van 0.327945 727 351 743 370
Car 0.980811 809 379 830 398
Car 0.906957 765 422 783 442
Pedestrian 0.619614 1089 489 1094 501
Pedestrian 0.581572 1095 515 1100 527
Pedestrian 0.217385 1103 522 1109 534
Pedestrian 0.364518 1104 527 1110 539
Bus 0.966211 596 559 633 609
Car 0.950899 651 568 671 596
Pedestrian 0.319845 502 657 508 668
Pedestrian 0.262541 512 658 517 668
Car 0.935008 633 654 660 685
Car 0.903713 665 679 686 705
Pedestrian 0.347171 483 697 490 708
Car 0.932694 751 706 771 745
Car 0.383067 671 774 693 787
