Car 0.293072 600 6 606 10
Car 0.655256 605 22 611 26
Car 0.809495 608 32 614 37
Car 0.561072 622 35 628 40
Car 0.478797 610 50 617 55
Car 0.829228 622 49 629 54
Car 0.648084 608 66 615 72
Car 0.805060 627 65 635 71
Car 0.208595 679 67 688 74
Car 0.534339 611 78 619 84
Car 0.937257 629 81 637 87
Car 0.793944 678 79 687 85
Car 0.643298 574 97 581 103
Car 0.754896 599 91 607 98
Car 0.953845 628 93 637 100
Car 0.446580 644 94 653 101
Car 0.318308 714 96 724 103
Car 0.724143 577 109 585 117
Car 0.873856 619 110 627 118
Car 0.814194 646 111 655 119
Car 0.673242 710 108 720 115
Car 0.221710 727 107 737 114
Car 0.941791 629 124 638 132
Car 0.536637 700 126 712 134
Car 0.388403 744 124 754 133
Car 0.302378 639 134 648 143
Car 0.758376 653 135 663 144
Car 0.351156 704 142 717 150
Car 0.265915 758 141 768 149
Car 0.874417 572 156 585 168
Car 0.502074 636 152 645 162
Car 0.606580 708 152 722 161
Car 0.246093 768 148 781 157
Car 0.516166 554 161 566 173
Car 0.810296 622 187 634 201
Car 0.967967 642 180 653 194
Car 0.828076 624 211 638 226
Car 0.978352 547 245 565 263
Car 0.990594 641 259 658 278
Car 0.258804 895 277 914 293
Car 0.963132 521 301 541 322
Car 0.985509 553 314 573 334
Car 0.991360 667 325 690 350
Car 0.922835 887 400 915 428
Truck 0.942395 985 451 1038 528
Car 0.414253 655 604 699 677
Car 0.990190 325 669 379 735
Car 0.953218 240 694 304 756
