Pedestrian 0.665884 294 783 320 825
Pedestrian 0.248971 1230 776 1249 826
Pedestrian 0.773565 1313 780 1334 824
Pedestrian 0.914255 768 826 799 914
Pedestrian 0.951258 814 830 846 911
Pedestrian 0.248448 827 833 860 912
Pedestrian 0.619387 1244 857 1281 937
Pedestrian 0.490027 329 882 361 961
Pedestrian 0.873130 341 881 378 962
Pedestrian 0.882158 370 881 404 960
Pedestrian 0.903344 296 894 333 969
Pedestrian 0.759552 1033 898 1079 972
Pedestrian 0.568891 713 902 749 1011
Pedestrian 0.443423 550 975 591 1046
