Pedestrian 0.219378 977 90 984 102
Car 0.986903 1163 182 1216 204
Car 0.714806 1244 180 1288 207
Car 0.596862 1213 225 1252 260
Motor 0.438418 1198 248 1220 267
Motor 0.200295 1210 245 1231 265
Motor 0.697430 1158 309 1172 332
Truck 0.961168 832 299 881 370
Car 0.993126 820 383 860 423
Car 0.221638 616 423 683 459
Car 0.987867 784 461 824 509
Tricycle 0.393166 1123 473 1172 496
Car 0.963009 1010 468 1056 530
Car 0.992881 919 537 963 605
Car 0.965469 736 546 789 618
Tricycle 0.795790 1053 589 1114 619
Motor 0.689664 1150 602 1187 621
Tricycle 0.325969 730 616 763 661
Bike 0.255934 1092 649 1135 671
Tricycle 0.210340 1153 636 1216 669
Van 0.968041 685 659 746 737
Van 0.597623 1061 686 1168 739
Car 0.847505 629 783 699 880
Bike 0.411419 1169 845 1215 871
Bike 0.665166 1108 875 1167 899
Car 0.967295 1005 897 1124 950
Motor 0.732287 1193 934 1246 959
Motor 0.752636 1110 1007 1164 1038
Car 0.930150 936 1013 1084 1076
