Car 0.348802 963 11 982 37
Car 0.714989 265 46 288 67
Car 0.490193 958 35 974 59
Van 0.897631 212 54 238 84
Car 0.624651 947 73 967 102
Van 0.808852 363 96 382 120
Car 0.666933 940 104 960 131
Pedestrian 0.517336 545 182 551 191
Car 0.960053 245 192 271 216
Pedestrian 0.314265 630 201 637 211
Car 0.741463 917 186 936 217
Car 0.905945 119 209 140 229
Bus 0.974821 355 186 409 252
Car 0.948499 187 280 214 304
Car 0.549398 317 306 341 337
Car 0.627243 96 328 122 360
Van 0.472244 941 342 989 380
Car 0.636223 53 352 75 385
Car 0.995969 265 355 289 385
Car 0.231499 993 351 1034 393
Pedestrian 0.237025 1306 366 1315 377
Pedestrian 0.213638 765 389 773 400
Pedestrian 0.356994 1309 396 1319 407
Pedestrian 0.309451 1324 392 1337 405
Pedestrian 0.240891 1284 411 1295 423
Pedestrian 0.712970 1293 414 1304 426
Car 0.972516 184 411 205 440
Car 0.970679 343 424 378 443
Pedestrian 0.270302 915 424 924 436
Pedestrian 0.385053 1300 420 1311 431
Pedestrian 0.209916 1363 428 1374 439
Pedestrian 0.213067 1373 428 1384 439
Van 0.645031 98 439 123 466
Pedestrian 0.268440 1266 442 1275 454
Car 0.976924 398 449 439 467
Truck 0.505104 543 440 617 469
Pedestrian 0.593039 848 455 855 467
Pedestrian 0.361179 938 451 947 464
Pedestrian 0.220197 1301 456 1309 467
Car 0.974433 233 466 265 499
Bus 0.529041 285 452 338 492
Pedestrian 0.513942 845 468 852 479
Pedestrian 0.621216 1106 470 1114 481
Pedestrian 0.767544 1186 473 1195 484
Pedestrian 0.228439 1258 466 1266 476
Pedestrian 0.784363 1004 482 1012 493
Pedestrian 0.323923 716 499 723 510
Pedestrian 0.690975 792 500 801 512
Pedestrian 0.603045 672 520 679 531
Pedestrian 0.266639 854 519 863 530
Pedestrian 0.464647 859 517 867 528
Bus 0.981932 216 518 262 570
Pedestrian 0.585062 966 527 973 538
Pedestrian 0.751876 1023 529 1031 541
Pedestrian 0.655518 1108 538 1117 546
Pedestrian 0.264520 1348 531 1357 542
Car 0.904756 71 534 101 569
Pedestrian 0.279523 792 553 799 562
Pedestrian 0.531061 903 544 910 557
Pedestrian 0.235254 1091 551 1101 561
Pedestrian 0.236681 720 565 727 573
Pedestrian 0.220330 732 562 740 570
Pedestrian 0.381739 840 566 847 577
Pedestrian 0.228867 873 563 880 573
Pedestrian 0.363355 1182 568 1190 578
Pedestrian 0.436031 1240 559 1250 572
Pedestrian 0.425843 1066 578 1073 586
Pedestrian 0.284856 1177 574 1185 584
Car 0.960108 104 573 134 613
Car 0.903377 160 576 190 617
Car 0.961705 233 578 258 621
Motor 0.227123 727 590 736 601
Pedestrian 0.228277 917 591 924 601
Pedestrian 0.563572 981 592 988 601
Pedestrian 0.580584 1056 595 1063 604
Pedestrian 0.312298 1173 597 1181 605
Pedestrian 0.678329 1182 596 1191 606
Pedestrian 0.264656 1340 587 1348 597
Car 0.286563 678 600 708 617
Motor 0.202194 703 603 714 614
Car 0.709446 726 604 766 625
Car 0.613011 780 606 815 626
Car 0.538666 859 601 900 623
Car 0.550712 914 605 955 626
Pedestrian 0.446415 1066 603 1073 612
Van 0.547800 1101 602 1148 625
Car 0.753963 671 619 713 638
Van 0.428844 1029 617 1089 640
Pedestrian 0.704812 1305 626 1315 637
Car 0.984851 105 626 135 667
Van 0.776783 1159 621 1205 672
Car 0.448814 0 642 20 684
Pedestrian 0.630596 913 650 922 658
Pedestrian 0.902934 1238 665 1248 676
Pedestrian 0.879969 1269 671 1280 682
Pedestrian 0.756735 1309 684 1319 697
Pedestrian 0.440913 1254 700 1266 711
Pedestrian 0.334627 1262 701 1273 711
Car 0.893589 190 702 212 747
Car 0.840848 297 703 319 745
Car 0.837301 324 701 345 747
Car 0.586351 346 702 368 748
Car 0.546275 521 701 544 747
Car 0.472600 664 703 685 744
Car 0.232090 990 701 1013 746
Pedestrian 0.790091 1296 719 1308 729
Car 0.783875 243 707 268 750
Car 0.603839 355 704 378 753
Car 0.513629 404 708 429 747
Car 0.395109 475 708 500 749
Car 0.563471 731 707 753 753
Car 0.428641 891 703 916 755
Car 0.278519 939 702 962 753
Car 0.393346 966 705 987 752
Pedestrian 0.314273 1300 756 1313 767
