Car 0.970756 584 110 654 247
Car 0.778956 868 167 927 312
Car 0.970709 652 206 720 365
Van 0.853109 748 283 818 452
Car 0.902488 852 336 943 495
Car 0.892026 629 467 710 641
Car 0.990587 886 533 972 724
Car 0.949892 604 691 698 875
Car 0.578370 884 784 981 1000
Car 0.723223 601 1 664 23
Car 0.307880 679 2 738 13
Car 0.741698 441 12 511 94
Van 0.721718 857 4 925 77
Car 0.960919 669 33 732 132
Car 0.981891 758 30 821 135
Pedestrian 0.575439 464 206 485 253
Pedestrian 0.672635 486 216 507 260
Motor 0.359866 338 358 384 417
Motor 0.777803 327 508 375 566
Motor 0.204490 1164 525 1221 576
Motor 0.236722 1177 585 1236 636
Pedestrian 0.843976 1092 803 1131 839
Motor 0.499669 217 833 306 867
Car 0.626121 584 1015 685 1051
