Bus 0.266102 997 719 1100 788
Car 0.850614 684 48 699 60
Car 0.431104 706 52 720 64
Car 0.436602 710 60 725 74
Car 0.552020 631 83 646 94
Car 0.943811 671 90 685 102
Car 0.948692 709 106 724 121
Car 0.226725 602 123 620 138
Car 0.777144 757 125 775 142
Car 0.770590 513 136 527 152
Car 0.989644 682 139 698 155
Truck 0.235897 456 166 480 189
Truck 0.625653 484 159 506 192
Car 0.973756 655 159 674 176
Car 0.862835 451 207 470 226
Car 0.482622 441 234 462 253
Car 0.854784 434 255 457 274
Car 0.770730 673 262 693 285
Car 0.762614 473 281 493 307
Car 0.952785 840 281 863 303
Car 0.843424 468 302 488 326
Car 0.809080 713 312 741 337
Car 0.950718 461 328 478 354
Car 0.978630 636 325 661 352
Car 0.900883 870 321 897 350
Pedestrian 0.401607 442 354 449 366
Bus 0.686977 828 311 886 396
Car 0.960348 457 358 482 390
Pedestrian 0.383513 194 407 206 424
Car 0.930074 916 415 951 456
Car 0.982200 25 436 85 460
Car 0.940540 888 459 927 506
Van 0.736578 1 521 69 556
