Truck 0.892411 732 252 798 382
Truck 0.919815 673 337 750 491
Truck 0.992128 575 496 694 630
Truck 0.312640 3 608 169 707
Bus 0.247353 1190 649 1398 765
Truck 0.229566 212 689 389 779
Truck 0.976579 886 1 931 66
Car 0.967726 924 49 949 74
Bus 0.734147 935 83 976 138
Car 0.984582 900 108 927 137
Bus 0.991852 821 118 875 191
Car 0.315306 1161 298 1224 332
Van 0.227054 283 405 354 460
Car 0.310668 329 422 390 476
Van 0.757412 888 438 936 505
Van 0.836929 840 453 877 519
Pedestrian 0.310505 30 588 50 618
