Bus 0.611821 717 519 763 652
Bus 0.879448 934 605 1013 719
Car 0.482428 72 0 110 6
Car 0.345436 126 1 187 17
Van 0.680056 78 5 132 49
Car 0.398804 2 15 21 55
Pedestrian 0.688452 292 53 301 70
Car 0.877635 5 55 43 104
Car 0.979236 600 56 627 103
Pedestrian 0.202702 315 87 324 103
Car 0.434557 193 89 247 129
Car 0.958867 521 114 553 163
Car 0.860303 3 154 45 218
Car 0.967115 443 162 469 210
Car 0.940050 626 204 656 254
Car 0.443420 19 218 54 272
Car 0.394663 -1 232 30 289
Van 0.761284 610 278 639 329
Car 0.965878 81 292 120 345
Car 0.851017 544 294 572 343
Van 0.879778 655 328 681 384
Car 0.875972 628 358 654 413
Car 0.969914 673 396 697 455
Car 0.947306 434 412 463 467
Van 0.952386 644 449 669 505
Car 0.968561 722 445 747 496
Car 0.930203 683 483 707 539
Van 0.688158 767 512 791 570
Car 0.965290 653 547 674 606
Car 0.993199 559 576 585 641
Car 0.805460 686 577 709 638
Motor 0.836490 791 600 801 625
Car 0.958550 675 652 699 707
Car 0.808110 707 689 736 747
Van 0.492209 464 728 497 788
Van 0.332621 842 767 867 786
Van 0.685301 981 762 1031 785
