Van 0.971205 840 276 922 388
Van 0.979523 794 386 885 495
Car 0.990357 599 384 668 511
Car 0.995058 252 483 356 611
Car 0.994059 597 515 688 681
Car 0.997436 819 500 932 668
Car 0.989676 965 540 1103 715
Truck 0.404109 411 551 582 836
Tricycle 0.400528 615 748 694 919
Car 0.756684 548 1 575 35
Car 0.805222 588 0 620 27
Car 0.737883 456 21 494 70
Car 0.923676 588 24 622 64
Car 0.927685 543 45 583 100
Van 0.591940 707 43 750 101
Motor 0.232106 849 74 869 99
Car 0.916324 537 100 578 145
Car 0.762603 588 96 631 151
Car 0.834734 717 98 765 148
Pedestrian 0.692212 825 141 839 175
Motor 0.204687 906 136 930 161
Pedestrian 0.200208 383 156 396 190
Pedestrian 0.223155 407 151 420 189
Car 0.739159 589 143 637 202
Van 0.638040 739 143 790 208
Motor 0.891917 420 179 450 205
Motor 0.211787 905 176 932 206
Motor 0.374216 908 194 939 222
Car 0.969699 588 205 641 271
Van 0.847536 752 210 811 287
Pedestrian 0.883879 885 228 901 274
Motor 0.540944 376 269 423 291
Pedestrian 0.656906 920 252 935 302
Motor 0.401617 955 275 973 315
Van 0.534708 598 270 652 381
Pedestrian 0.406899 722 312 742 349
Car 0.967575 777 288 844 369
Pedestrian 0.737886 492 327 508 366
Pedestrian 0.725717 507 327 522 373
Pedestrian 0.317873 738 334 757 380
Pedestrian 0.668445 759 344 776 396
Motor 0.340052 995 374 1020 420
Bike 0.750474 333 426 383 456
Pedestrian 0.602208 968 441 994 494
Pedestrian 0.800214 290 651 320 703
Motor 0.448322 876 696 923 770
Pedestrian 0.245653 196 754 222 787
Pedestrian 0.349567 60 798 89 828
Pedestrian 0.445331 75 803 105 834
Pedestrian 0.439574 84 816 118 847
Pedestrian 0.377252 15 878 59 913
Pedestrian 0.253487 46 966 80 991
Pedestrian 0.237284 52 984 86 1013
Pedestrian 0.582101 106 975 139 1012
Pedestrian 0.224715 47 1004 79 1040
Pedestrian 0.397846 209 1031 243 1048
Pedestrian 0.504817 259 1033 288 1048
