Car 0.836507 590 0 608 9
Car 0.503230 808 0 823 5
Car 0.928904 426 15 459 43
Bus 0.476646 603 2 629 44
Car 0.808995 819 85 838 123
Car 0.851641 759 87 778 131
Motor 0.320069 781 134 788 152
Car 0.682899 534 144 559 181
Car 0.775356 607 151 639 194
Car 0.805659 595 187 621 230
Car 0.652127 762 180 781 224
Car 0.241703 565 197 586 241
Pedestrian 0.286970 936 228 944 244
Pedestrian 0.246473 940 229 947 244
Car 0.916726 790 234 811 283
Van 0.289829 507 276 529 322
Car 0.857709 578 274 601 320
Car 0.720246 833 296 854 345
Car 0.796659 361 339 384 379
Car 0.845694 795 347 816 395
Car 0.855568 501 364 527 410
Car 0.743554 659 377 683 435
Car 0.896629 768 411 788 471
Car 0.936473 524 484 548 541
Car 0.841561 845 512 868 574
Pedestrian 0.310413 303 580 311 596
Van 0.614311 308 605 340 669
Car 0.930946 468 614 494 677
Car 0.954984 815 611 840 684
Car 0.891464 554 640 578 703
Car 0.926544 774 664 799 738
Car 0.506019 670 696 692 781
Car 0.354685 629 748 654 787
