Bus 0.983943 552 626 596 782
Car 0.253500 24 1 52 8
Car 0.730931 676 0 697 21
Van 0.566141 574 6 594 36
Car 0.747278 603 13 623 43
Car 0.891287 144 24 186 43
Truck 0.443648 44 36 91 60
Car 0.994397 373 44 407 66
Van 0.250585 522 40 557 72
Bus 0.739118 932 11 967 88
Car 0.945288 706 50 726 91
Car 0.864604 441 91 470 119
Car 0.946770 30 105 65 122
Motor 0.923594 602 115 611 133
Car 0.993309 253 131 291 152
Bus 0.870660 947 96 984 183
Car 0.850783 682 152 701 193
Car 0.993217 271 178 307 196
Car 0.980523 258 208 295 229
Car 0.499858 497 200 523 239
Pedestrian 0.225520 1219 208 1230 219
Car 0.991926 342 268 369 300
Car 0.982424 383 267 412 300
Pedestrian 0.247144 1280 281 1294 291
Bus 0.765881 1053 261 1174 320
Car 0.976104 281 294 315 332
Car 0.969915 600 292 625 339
Van 0.918629 370 310 397 345
Car 0.948989 321 342 350 380
Van 0.738220 390 360 417 403
Car 0.905315 718 382 745 432
Car 0.866505 781 398 811 443
Car 0.847106 499 402 524 447
Car 0.921175 570 399 593 450
Van 0.841342 404 434 426 472
Car 0.949258 445 428 472 474
Pedestrian 0.229092 299 455 307 472
Pedestrian 0.344360 285 469 293 486
Van 0.918720 693 510 716 557
Car 0.971973 635 561 660 617
Pedestrian 0.302212 327 607 336 623
Car 0.823426 446 652 471 707
Pedestrian 0.387166 983 665 994 682
Car 0.984544 493 676 520 733
Bus 0.635256 384 699 437 789
Pedestrian 0.259531 1332 774 1343 782
Pedestrian 0.234838 1378 777 1391 785
