Car 0.472908 1503 -2 1531 10
Car 0.264878 1474 38 1502 72
Truck 0.432990 1866 50 1903 94
Car 0.511368 1854 70 1890 101
Car 0.971901 1427 105 1455 136
Car 0.992224 1390 160 1422 194
Car 0.229614 1564 192 1598 231
Motor 0.306287 123 228 138 246
Car 0.936944 770 223 816 250
Car 0.984591 1284 232 1322 273
Car 0.970777 1679 266 1721 307
Car 0.568657 213 279 253 313
Car 0.457327 1164 274 1209 309
Car 0.668194 184 295 231 331
Car 0.990586 1158 326 1218 366
Car 0.954117 307 481 368 519
Car 0.956904 443 474 487 526
Car 0.906807 1513 490 1560 542
Car 0.935364 1010 541 1061 597
Car 0.531384 535 629 584 681
Car 0.998140 803 716 861 781
Car 0.991839 556 773 642 846
Car 0.991702 808 876 899 944
