Car 0.978711 729 4 759 42
Van 0.978927 890 47 921 99
Car 0.968722 806 78 837 122
Car 0.989022 857 130 892 177
Van 0.879696 744 200 773 250
Car 0.883822 589 214 622 262
Pedestrian 0.295166 447 251 458 267
Car 0.990337 974 233 1004 287
Car 0.977823 905 271 934 329
Others 0.558384 1150 269 1200 320
Car 0.437444 1349 315 1402 349
Pedestrian 0.793891 434 349 446 371
Van 0.980403 864 332 892 403
Car 0.989487 1036 343 1071 405
Pedestrian 0.246745 95 377 109 394
Pedestrian 0.326708 117 377 131 396
Pedestrian 0.293320 138 375 152 394
Car 0.983156 796 359 824 418
Car 0.960755 597 520 634 585
Car 0.796698 1060 518 1097 597
Car 0.981396 746 534 776 605
Pedestrian 0.877510 9 592 30 610
Van 0.927325 1147 628 1187 710
Pedestrian 0.676258 1283 757 1295 770
Pedestrian 0.283644 1288 755 1300 768
