Car 0.646673 218 0 238 6
Van 0.224614 430 1 457 22
Van 0.481268 350 52 372 80
Car 0.707073 47 103 79 126
Car 0.259583 18 122 50 142
Car 0.692323 111 115 136 139
Car 0.956508 407 110 425 137
Car 0.294854 136 134 161 157
Car 0.836753 52 146 83 166
Car 0.385536 89 149 115 173
Car 0.208378 22 159 52 180
Car 0.202586 2 172 14 197
Car 0.894914 110 171 133 202
Car 0.560463 155 173 175 202
Car 0.547956 166 210 182 238
Car 0.761013 465 224 482 250
Car 0.942714 385 256 408 281
Car 0.424125 143 266 165 289
Car 0.376172 491 321 517 349
Car 0.900169 599 507 620 537
Car 0.464910 608 505 631 534
Car 0.695339 635 669 663 691
Pedestrian 0.273513 1344 682 1358 703
Car 0.304990 1371 674 1389 699
Car 0.294574 151 694 189 713
Pedestrian 0.281087 1346 690 1356 708
Car 0.418079 1 703 25 722
Van 0.281648 816 762 868 786
