Car 0.313089 883 6 900 21
Truck 0.778500 908 34 938 67
Bus 0.771309 965 113 997 158
Car 0.753519 1071 126 1095 148
Car 0.318596 972 149 997 168
Car 0.567605 712 157 736 180
Car 0.668757 771 166 790 188
Car 0.855032 1095 170 1118 192
Car 0.292291 716 189 742 214
Pedestrian 0.319604 870 191 878 207
Car 0.958823 1108 191 1134 216
Car 0.870436 868 251 917 273
Car 0.521981 726 279 755 318
Car 0.718277 873 283 931 305
Car 0.967058 877 304 937 329
Car 0.956445 882 328 937 355
Car 0.841040 891 378 960 411
Car 0.239585 732 454 792 486
Car 0.812317 913 451 965 482
Pedestrian 0.567002 1828 459 1841 477
Car 0.963565 904 475 964 507
Car 0.953829 894 557 964 591
Car 0.901236 902 582 982 621
Car 0.884620 906 636 973 678
Van 0.985187 1232 774 1293 878
Car 0.991744 652 883 752 963
Car 0.995407 1136 867 1184 966
Car 0.874124 897 937 1006 988
Pedestrian 0.429459 1485 1060 1509 1076
