Truck 0.888354 836 536 914 647
Car 0.268775 574 131 581 136
Car 0.823622 582 141 588 146
Car 0.656231 597 140 604 145
Car 0.589540 551 155 559 161
Car 0.325926 577 152 584 158
Car 0.711273 592 153 600 159
Car 0.963646 557 167 566 173
Car 0.779872 598 168 606 175
Car 0.990019 574 197 586 207
Car 0.604776 485 221 500 232
Car 0.351596 595 228 611 240
Car 0.304101 614 222 631 234
Car 0.895693 517 249 534 263
Car 0.790593 539 252 556 267
Car 0.435735 1274 257 1290 271
Car 0.326587 1294 254 1311 271
Car 0.708859 581 293 600 306
Car 0.996937 372 304 400 325
Car 0.460202 669 305 687 322
Car 0.556217 1235 319 1254 339
Car 0.612480 690 329 714 351
Car 0.860020 1274 339 1295 360
Car 0.993290 1265 385 1291 412
Car 0.954839 1248 542 1283 603
