Bus 0.993814 960 581 1058 699
Bus 0.604125 120 -1 160 14
Car 0.709045 21 7 39 27
Car 0.803905 39 28 58 50
Car 0.490633 146 26 172 45
Bus 0.372911 2 23 40 70
Car 0.913819 73 42 95 60
Car 0.925273 1352 46 1369 66
Car 0.896281 66 68 90 86
Car 0.856721 1316 78 1330 94
Car 0.929672 1362 86 1377 102
Car 0.888947 125 97 147 118
Car 0.916404 201 106 221 127
Van 0.567877 975 106 995 129
Van 0.691106 996 106 1013 130
Van 0.617797 1024 103 1042 124
Van 0.549172 1048 105 1069 128
Car 0.713261 93 115 117 135
Van 0.640631 1119 119 1160 135
Car 0.822613 1242 118 1254 136
Car 0.582359 1142 138 1179 154
Van 0.798960 256 145 288 167
Van 0.638495 1002 147 1019 168
Car 0.804275 1362 154 1380 174
Car 0.956846 183 167 212 188
Car 0.687876 977 165 993 184
Car 0.682672 1044 161 1063 182
Car 0.417839 1104 170 1139 185
Motor 0.412504 1332 164 1339 174
Van 0.867291 231 174 260 196
Car 0.883286 293 183 320 203
Car 0.581252 1042 176 1059 197
Car 0.743450 1099 184 1134 201
Van 0.844837 1298 181 1316 202
Car 0.971093 80 199 103 217
Car 0.272098 948 195 965 217
Car 0.623646 1145 198 1174 214
Car 0.853950 275 213 304 234
Van 0.486968 1002 208 1021 231
Car 0.888951 113 226 138 244
Van 0.638546 973 221 991 248
Car 0.509632 1375 229 1392 250
Van 0.500335 82 233 115 258
Van 0.823517 395 239 432 272
Van 0.522802 994 237 1012 260
Car 0.875222 1348 234 1370 260
Car 0.878352 1238 251 1256 272
Car 0.947279 202 271 231 295
Van 0.333403 1001 277 1021 302
Car 0.537925 1358 290 1381 313
Car 0.855598 414 302 444 324
Car 0.931725 491 346 523 367
Car 0.764470 1224 343 1248 364
Car 0.859168 1339 348 1363 375
Car 0.921406 431 370 470 400
Car 0.963355 607 398 643 424
Motor 0.236540 1193 402 1207 417
Car 0.594352 1379 411 1400 439
Car 0.952553 534 452 569 485
Van 0.402425 1268 447 1311 501
Car 0.954425 723 479 755 510
Car 0.967697 1104 474 1136 506
Car 0.979957 519 483 552 518
Van 0.662205 1232 494 1261 527
Car 0.768235 1101 526 1140 561
Bus 0.233285 1121 555 1160 607
Car 0.848819 1284 558 1315 596
Car 0.374205 960 581 990 612
Car 0.917724 616 617 653 649
Van 0.343448 923 621 954 657
Motor 0.879554 1163 650 1175 667
Car 0.818403 782 644 807 692
Car 0.656584 1265 676 1298 720
Car 0.780404 506 729 530 782
Car 0.950102 1090 731 1130 777
Car 0.943985 1145 720 1181 767
Car 0.949957 575 743 600 786
Car 0.901616 611 772 648 787
