Car 0.830535 631 2 646 19
Car 0.218262 655 0 670 12
Car 0.712131 580 21 597 41
Car 0.925059 625 46 641 71
Car 0.808964 513 56 532 80
Car 0.861280 771 60 787 86
Car 0.985248 560 118 579 143
Car 0.977316 615 112 634 137
Car 0.518146 637 143 652 169
Bus 0.973945 583 173 620 260
Car 0.980592 532 246 553 273
Pedestrian 0.745191 383 291 391 309
Pedestrian 0.335403 385 295 393 313
Car 0.952593 611 288 630 319
Car 0.563105 28 333 61 351
Pedestrian 0.394676 902 337 911 350
Pedestrian 0.731813 1190 337 1203 353
Pedestrian 0.344206 1194 342 1206 356
Pedestrian 0.769187 955 364 965 377
Pedestrian 0.572876 850 377 860 394
Motor 0.248982 438 420 452 448
Car 0.810835 720 431 748 490
Pedestrian 0.973157 1114 450 1124 468
Pedestrian 0.506550 474 474 483 489
Pedestrian 0.861489 483 471 492 487
Pedestrian 0.658478 1060 474 1070 490
Pedestrian 0.727267 427 487 436 503
Pedestrian 0.311841 469 479 478 493
