Car 0.926938 2 43 152 144
Car 0.978917 301 86 407 225
Car 0.693699 0 109 69 241
Car 0.364616 721 128 814 242
Car 0.986289 115 243 240 383
Car 0.994575 210 280 341 437
Car 0.877630 346 269 460 434
Car 0.987017 703 249 782 402
Car 0.991975 527 333 640 490
Car 0.413173 795 384 899 533
Car 0.952816 639 408 727 563
Awning-tricycle 0.480820 694 524 775 672
Car 0.957418 84 591 298 729
Car 0.748257 1271 616 1391 720
Car 0.907627 410 589 580 791
Car 0.932104 599 816 808 928
Truck 0.307824 1031 808 1309 949
Car 0.836676 491 898 749 1050
Car 0.888725 -2 0 155 61
Car 0.871200 370 1 460 65
Pedestrian 0.298886 841 78 860 108
Pedestrian 0.818132 1034 92 1057 141
Pedestrian 0.868908 1002 234 1030 278
Pedestrian 0.755988 965 261 995 299
Pedestrian 0.423906 984 462 1015 499
Pedestrian 0.717148 1004 494 1033 533
Pedestrian 0.401387 1084 539 1116 568
Pedestrian 0.287204 1091 560 1124 590
Tricycle 0.200753 784 605 910 676
Pedestrian 0.383869 660 662 693 703
Pedestrian 0.254748 851 652 886 694
Pedestrian 0.541177 733 676 763 712
Pedestrian 0.252937 747 701 774 734
Pedestrian 0.724477 965 776 998 810
Car 0.237631 31 1035 203 1048
Car 0.248370 438 1017 619 1049
