Motor 0.634133 452 13 465 36
Car 0.918029 509 65 545 116
Car 0.820281 578 104 615 145
Car 0.997597 727 115 767 164
Car 0.793809 711 154 755 207
Pedestrian 0.281035 449 264 457 276
Car 0.794147 1320 249 1365 291
Car 0.996720 788 283 835 332
Car 0.301835 1267 287 1311 329
Car 0.981020 705 332 742 379
Pedestrian 0.244525 105 380 115 388
Car 0.590645 764 362 807 399
Pedestrian 0.495190 42 415 53 423
Pedestrian 0.440778 483 448 489 463
Car 0.991005 887 437 927 486
Car 0.920522 937 459 982 506
Van 0.864962 715 507 774 579
Pedestrian 0.772171 489 562 496 571
Pedestrian 0.427405 474 581 482 589
Car 0.650006 612 553 635 606
Car 0.986616 850 560 896 611
Car 0.664764 909 557 949 604
Car 0.975146 569 564 594 620
Pedestrian 0.261422 402 610 411 619
Car 0.957774 565 640 590 695
Car 0.888744 610 642 636 701
Car 0.713014 930 656 978 704
Car 0.558895 848 676 891 721
Car 0.842757 897 683 945 733
Car 0.953901 1050 676 1093 719
Car 0.994659 1097 674 1141 721
Car 0.976559 589 709 625 758
Van 0.383882 166 765 202 788
Car 0.800467 532 778 580 788
Car 0.519354 959 763 1001 787
