Bus 0.963655 654 72 736 184
Van 0.234891 806 -1 834 24
Car 0.640015 1008 0 1035 33
Pedestrian 0.829735 579 27 587 45
Pedestrian 0.859835 599 31 607 50
Pedestrian 0.325529 621 27 628 42
Pedestrian 0.216215 603 37 611 56
Bus 0.732709 798 17 839 97
Car 0.930020 765 48 792 80
Car 0.838142 1080 64 1102 105
Truck 0.727687 1096 79 1133 148
Van 0.660555 738 99 772 143
Pedestrian 0.868210 609 161 618 180
Car 0.966115 671 197 709 232
Van 0.259103 509 203 562 263
Car 0.985569 928 227 965 277
Pedestrian 0.233471 1187 246 1196 263
Van 0.898500 1106 235 1138 290
Pedestrian 0.490576 1192 251 1201 269
Car 0.997353 539 305 592 354
Car 0.995018 873 389 915 457
Car 0.986851 284 453 352 514
Car 0.996669 370 455 440 516
Pedestrian 0.637436 160 560 175 583
Pedestrian 0.399909 706 659 720 684
