Car 0.476449 603 0 616 5
Van 0.661028 548 5 562 34
Car 0.471668 1079 18 1110 31
Car 0.531663 531 26 543 54
Car 0.970167 834 36 866 55
Car 0.947149 803 56 829 80
Car 0.970614 822 71 852 95
Car 0.928874 776 86 801 110
Car 0.941390 551 124 568 156
Van 0.949296 611 146 630 181
Pedestrian 0.428416 403 178 409 192
Car 0.987914 632 227 650 263
Car 0.911407 680 249 701 290
Car 0.843459 607 254 625 293
Car 0.725896 552 274 575 314
Car 0.970676 681 355 702 398
Car 0.977745 653 439 678 486
Van 0.983543 495 522 530 566
Car 0.928499 674 514 704 566
Van 0.947315 45 563 108 595
Car 0.694690 77 589 141 621
Car 0.805477 76 622 136 651
Car 0.322952 -1 751 45 776
Car 0.958492 638 739 664 787
