Car 0.204946 635 63 669 82
Car 0.223820 655 106 685 129
Car 0.300246 666 122 692 144
Car 0.574575 668 188 701 217
Car 0.223750 693 188 736 216
Car 0.417628 540 265 575 294
Car 0.877056 -1 293 41 319
Car 0.286880 551 284 587 316
Car 0.852182 562 296 602 333
Van 0.431818 652 297 691 335
Car 0.262329 663 324 706 359
Car 0.386421 588 352 619 386
Car 0.297030 587 406 630 442
Car 0.351407 652 497 694 548
Van 0.915725 692 520 740 585
Pedestrian 0.504357 827 596 842 623
Car 0.996327 725 591 783 660
Car 0.607842 776 685 827 752
Motor 0.230474 933 748 960 773
Car 0.219264 1 745 24 806
Car 0.882239 812 750 876 839
