Truck 0.993127 1258 690 1372 826
Car 0.931132 53 129 137 164
Car 0.973358 207 161 268 191
Car 0.916531 608 148 662 188
Van 0.871017 1125 153 1178 188
Car 0.853680 0 205 66 241
Car 0.913778 154 208 235 241
Car 0.795347 -7 230 39 271
Car 0.985722 553 245 599 281
Car 0.985942 1113 235 1188 271
Motor 0.243818 1217 250 1233 272
Motor 0.240923 -1 311 10 334
Car 0.992687 647 319 723 369
Motor 0.267322 1122 344 1146 361
Car 0.990530 641 375 725 415
Van 0.805822 996 404 1033 470
Car 0.996857 903 423 946 503
Van 0.983577 1059 435 1100 505
Car 0.936563 1738 441 1827 507
Car 0.990828 1319 472 1391 541
Car 0.225665 1756 498 1820 569
Car 0.997140 1264 609 1365 655
Car 0.999068 605 766 724 830
Truck 0.518904 1536 905 1680 994
Van 0.981965 1403 969 1537 1051
