Bus 0.515785 1232 700 1394 793
Van 0.799323 0 873 143 971
Car 0.991319 685 858 798 956
Car 0.422685 380 577 394 587
Car 0.804637 358 585 372 597
Car 0.883884 380 588 393 599
Car 0.789191 363 604 378 618
Car 0.980835 386 611 401 624
Car 0.835683 561 600 582 614
Car 0.939982 358 622 376 639
Truck 0.649467 635 607 686 649
Car 0.851839 709 633 740 651
Car 0.975712 350 643 373 663
Pedestrian 0.324907 206 661 215 683
Car 0.409578 233 661 272 688
Car 0.985622 402 655 429 679
Bus 0.908617 871 646 967 692
Pedestrian 0.866181 90 690 104 718
Car 0.535136 202 688 267 713
Car 0.881308 222 678 276 703
Pedestrian 0.592792 284 678 296 699
Car 0.427790 186 696 260 724
Car 0.988082 396 696 439 735
Bus 0.421952 1117 679 1270 745
Car 0.843395 156 717 255 751
Car 0.270629 1108 706 1169 754
Bus 0.345334 1164 700 1330 770
Car 0.964010 123 738 228 775
Car 0.726252 96 764 214 798
Car 0.970223 66 784 216 840
Car 0.967006 1121 836 1262 907
Car 0.974636 1274 842 1402 917
Car 0.908398 0 962 71 1044
