Car 0.989570 592 10 637 67
Car 0.996735 560 76 601 125
Car 0.993565 527 133 574 196
Pedestrian 0.738112 341 206 352 221
Pedestrian 0.827773 349 208 361 223
Car 0.978488 568 242 607 291
Pedestrian 0.295669 281 292 294 309
Car 0.996177 454 278 500 341
Pedestrian 0.761075 388 338 402 352
Pedestrian 0.930489 361 345 375 357
Pedestrian 0.628518 367 397 379 411
Pedestrian 0.209686 228 417 243 427
Pedestrian 0.339159 364 405 380 423
Pedestrian 0.465727 373 405 389 423
Pedestrian 0.570832 365 424 378 442
Pedestrian 0.338714 432 410 455 443
Tricycle 0.767147 426 403 463 451
Car 0.994972 363 445 421 520
Car 0.992672 311 535 369 612
Car 0.864026 262 634 325 721
Pedestrian 0.234365 358 756 374 777
