Car 0.373511 1234 1 1265 15
Car 0.688108 1284 19 1319 37
Car 0.299890 190 46 204 62
Truck 0.622451 215 33 242 69
Car 0.612073 130 63 152 82
Car 0.389298 1042 58 1067 73
Car 0.443646 62 79 83 95
Car 0.308784 81 73 103 90
Car 0.716299 159 76 182 94
Car 0.436523 1336 74 1370 92
Car 0.294351 192 85 210 104
Car 0.938052 1208 88 1236 103
Car 0.574757 1231 102 1262 117
Car 0.862506 1373 103 1395 119
Car 0.542264 54 124 94 144
Car 0.508906 1035 129 1067 148
Car 0.974806 839 151 868 169
Van 0.589017 1161 146 1197 165
Car 0.962028 919 160 951 179
Car 0.740221 969 200 1002 220
Car 0.964166 1128 200 1161 219
Car 0.695575 805 203 839 223
Car 0.828366 25 219 44 250
Car 0.888967 652 220 685 241
Pedestrian 0.416558 1319 236 1329 244
Car 0.983450 925 233 962 254
Car 0.919602 680 251 711 270
Car 0.974975 837 264 874 285
Car 0.754914 1116 276 1150 302
Car 0.911587 709 308 746 331
Car 0.595726 1116 307 1150 336
Car 0.960513 479 328 512 347
Car 0.969097 856 342 891 363
Car 0.948429 1177 337 1208 367
Car 0.951930 864 357 902 379
Van 0.469646 1157 342 1199 389
Car 0.924431 491 369 525 393
Van 0.296839 878 376 919 403
Car 0.565953 517 382 549 405
Car 0.692973 883 385 924 411
Car 0.487456 912 407 945 433
Car 0.900615 915 417 951 442
Car 0.289729 1220 403 1261 455
Van 0.656933 635 436 672 461
Car 0.459864 922 428 958 453
Car 0.849180 932 446 969 472
Van 0.695400 943 462 981 489
Car 0.468250 1282 453 1314 486
Car 0.648131 568 480 595 502
Van 0.374511 970 495 1006 520
Car 0.750666 1284 490 1324 526
Car 0.332181 811 529 851 554
Van 0.357895 1010 542 1044 571
Car 0.429571 1333 540 1377 568
Car 0.513320 838 559 871 586
Car 0.274604 850 582 884 609
Car 0.359563 1037 581 1075 611
Car 0.232676 864 600 897 627
Pedestrian 0.679395 1302 606 1312 620
Bus 0.676951 566 592 610 657
Car 0.353459 893 659 931 686
Van 0.427437 965 674 1000 703
Car 0.683190 1202 664 1249 704
Car 0.489288 1259 710 1305 753
Pedestrian 0.468520 1350 730 1361 739
Pedestrian 0.692024 1373 746 1385 756
Pedestrian 0.210618 1384 776 1395 784
