Bus 0.634376 564 703 651 782
Car 0.334125 336 27 358 57
Car 0.386260 317 54 338 85
Car 0.615348 353 67 379 96
Bus 0.218144 296 68 332 123
Pedestrian 0.497482 40 105 49 114
Bus 0.824810 404 142 451 227
Bus 0.776481 461 245 515 337
Bus 0.953304 309 273 368 349
Car 0.824939 441 305 471 338
Bus 0.311065 481 348 529 448
Car 0.508481 459 390 494 451
Car 0.973478 371 448 400 480
Car 0.974980 421 447 446 482
Car 0.949270 978 573 1021 595
Car 0.794243 584 596 619 624
Car 0.738024 492 641 528 673
Car 0.736052 516 747 546 781
Car 0.586607 322 770 357 788
