Car 0.709681 997 259 1015 268
Car 0.958540 1033 259 1048 268
Car 0.234806 1046 259 1061 268
Car 0.978430 971 274 990 285
Car 0.270717 811 293 840 308
Car 0.565069 838 285 865 300
Car 0.294573 890 294 912 306
Car 0.963975 917 285 937 296
Car 0.847775 863 301 888 314
Car 0.317909 879 298 902 311
Car 0.381628 702 315 727 328
Car 0.546076 731 320 753 331
Car 0.444010 848 313 865 324
Car 0.925718 690 337 715 350
Car 0.819063 771 327 794 342
Car 0.922840 657 360 682 375
Car 0.805419 486 389 527 406
Car 0.338377 137 431 191 452
Car 0.799490 343 428 397 453
Car 0.921497 727 443 761 459
Car 0.920210 779 438 809 455
Car 0.892394 801 439 832 457
Car 0.568966 697 454 736 470
Car 0.446495 713 451 750 467
Car 0.461240 647 474 688 490
Car 0.823708 667 469 706 484
Car 0.627348 622 485 664 503
Car 0.685720 633 481 674 499
Van 0.498945 1010 481 1057 504
Van 0.769786 547 496 589 521
Car 0.667720 583 499 624 521
Car 0.358423 700 508 739 534
Bus 0.883508 1177 502 1289 549
Car 0.671849 1 513 64 555
Car 0.274314 1138 522 1197 542
Truck 0.568545 430 551 493 594
Car 0.309954 1018 553 1063 577
Car 0.398124 920 580 955 611
Van 0.585995 887 609 927 641
Car 0.853269 409 630 460 667
Car 0.547669 1282 641 1322 666
Car 0.953251 93 674 157 708
Van 0.664157 798 666 858 715
Pedestrian 0.337572 1014 680 1026 699
Pedestrian 0.298951 1018 678 1031 698
Pedestrian 0.468944 1057 698 1070 718
Car 0.570054 169 707 221 750
Pedestrian 0.740313 1005 720 1017 742
Car 0.226918 1228 774 1273 788
