Motor 0.572509 802 568 895 658
Pedestrian 0.222397 169 246 180 260
Pedestrian 0.213013 465 240 478 258
Pedestrian 0.204943 108 252 122 276
Pedestrian 0.259544 474 252 481 276
Pedestrian 0.975384 517 280 527 311
Pedestrian 0.253272 671 309 689 336
Pedestrian 0.290794 734 311 752 342
Pedestrian 0.312553 735 326 757 356
Pedestrian 0.295225 749 325 767 356
Pedestrian 0.217234 816 326 835 362
Pedestrian 0.664390 756 339 774 373
Motor 0.630625 796 359 838 389
Pedestrian 0.246155 731 383 748 421
Pedestrian 0.912766 734 384 754 452
Pedestrian 0.974842 764 385 783 453
Pedestrian 0.977747 694 398 715 466
Pedestrian 0.654842 825 536 861 598
Pedestrian 0.205962 809 553 848 615
Pedestrian 0.456712 850 586 884 647
Pedestrian 0.639429 848 703 901 788
