Truck 0.306248 1289 465 1373 579
Car 0.304118 980 0 992 6
Car 0.291220 1000 2 1010 10
Car 0.650871 970 18 985 33
Car 0.858397 992 12 1005 25
Car 0.392828 1035 14 1048 26
Car 0.627271 272 38 286 46
Car 0.217268 1031 31 1044 44
Car 0.200336 271 43 285 51
Car 0.831404 309 49 324 61
Car 0.238256 322 57 339 70
Car 0.704391 912 68 935 84
Bus 0.790599 1004 68 1028 100
Car 0.201159 1033 72 1047 88
Car 0.544438 330 94 346 111
Car 0.989415 890 90 917 107
Car 0.222512 356 100 373 118
Car 0.799447 861 124 885 146
Car 0.964660 304 140 322 156
Car 0.422327 377 135 402 162
Car 0.359262 617 152 654 174
Car 0.972350 731 151 766 175
Car 0.952041 893 139 922 165
Car 0.384534 614 160 646 182
Truck 0.230950 843 150 880 200
Car 0.916403 764 182 792 208
Car 0.281498 999 188 1028 215
Car 0.528927 986 220 1024 244
Van 0.452113 971 237 1009 270
Car 0.285349 966 246 1007 278
Car 0.933145 409 281 439 319
Car 0.250192 1338 305 1398 339
Van 0.784196 527 352 571 409
Van 0.805980 1186 355 1224 417
Truck 0.210777 1232 347 1278 427
Truck 0.460440 1331 347 1378 431
Truck 0.609068 1286 354 1330 438
Car 0.267684 561 746 648 787
