Car 0.242821 1082 110 1099 119
Car 0.397363 815 126 835 135
Car 0.347312 947 124 967 134
Car 0.264038 811 138 833 148
Car 0.504843 838 139 858 148
Car 0.365617 863 140 881 150
Car 0.637716 946 140 965 152
Car 0.974112 1030 137 1051 149
Car 0.278558 461 177 486 188
Car 0.204844 481 178 498 188
Car 0.396066 826 185 861 199
Car 0.902156 926 202 949 217
Car 0.974495 1049 210 1073 230
Car 0.996860 865 243 893 264
Car 0.837452 1006 235 1033 264
Car 0.946160 748 280 778 300
Car 0.993721 753 314 781 338
Car 0.885771 880 347 911 381
Van 0.531932 1032 412 1075 459
Motor 0.367724 972 601 987 629
Car 0.998550 712 603 760 677
