Pedestrian 0.235059 494 1 500 7
Pedestrian 0.394290 522 3 529 12
Van 0.857932 1159 6 1198 39
Truck 0.244324 0 94 12 138
Truck 0.416468 438 143 500 171
Van 0.921119 174 174 225 199
Car 0.995435 1277 224 1321 245
Car 0.984433 1022 246 1060 264
Car 0.976300 73 251 115 275
Van 0.787842 265 257 306 278
Car 0.987699 822 262 871 281
Car 0.996875 558 266 602 288
Van 0.485550 248 301 281 320
Van 0.726464 174 314 217 336
Car 0.949317 1029 314 1087 331
Car 0.763533 1299 320 1344 342
Van 0.856239 408 328 447 347
Van 0.772933 817 327 859 345
Car 0.990246 315 341 353 358
Car 0.973219 76 361 113 385
Car 0.979733 460 359 504 377
Car 0.904305 759 358 805 374
Car 0.846668 8 410 49 435
Car 0.984360 691 402 730 419
Van 0.932917 309 431 344 451
Van 0.217283 1390 435 1400 463
Van 0.863367 457 458 493 477
Car 0.962842 1149 463 1198 481
Motor 0.211065 82 503 94 511
Car 0.334878 1191 570 1216 599
Car 0.500370 119 711 154 732
