Bus 0.997731 532 454 617 646
Bus 0.996212 820 530 879 718
Pedestrian 0.550040 880 13 885 26
Pedestrian 0.923931 893 13 898 26
Pedestrian 0.459363 623 29 630 43
Pedestrian 0.318040 597 121 604 136
Bus 0.881095 584 237 636 345
Car 0.991082 861 290 885 323
Van 0.868062 520 341 563 384
Car 0.914402 617 358 650 400
Car 0.995415 860 372 882 408
Car 0.982326 855 439 890 488
Pedestrian 0.304641 915 712 925 736
Pedestrian 0.785274 898 723 908 747
Pedestrian 0.237062 899 735 909 756
Pedestrian 0.882832 930 742 942 761
Pedestrian 0.293097 906 775 916 785
Pedestrian 0.607325 916 768 927 786
