Car 0.466009 1225 108 1233 117
Car 0.505500 1244 106 1251 113
Car 0.629213 1218 125 1227 135
Car 0.448361 1248 126 1258 137
Car 0.360079 1228 150 1239 162
Car 0.410381 1235 141 1247 154
Car 0.306517 1194 167 1206 180
Car 0.752807 1226 165 1237 176
Bus 0.244720 1188 174 1205 194
Car 0.507058 1222 190 1235 203
Car 0.494635 1221 198 1233 211
Car 0.367612 971 232 988 246
Car 0.758862 1199 244 1212 258
Car 0.493521 807 263 834 278
Car 0.624380 780 284 809 300
Car 0.609470 865 282 893 300
Car 0.703199 893 289 924 306
Car 0.335940 906 284 930 299
Car 0.491881 1081 292 1097 310
Car 0.584654 1180 277 1193 296
Car 0.320184 755 302 784 319
Car 0.653634 837 305 869 321
Car 0.775857 858 306 893 323
Car 0.427207 883 299 912 315
Car 0.694065 820 316 856 334
Car 0.768774 1082 324 1099 342
Van 0.332557 1164 329 1181 353
Car 0.379052 904 340 945 362
Car 0.620187 1052 344 1071 363
Car 0.402580 776 354 805 384
Car 0.431768 1028 369 1050 390
Car 0.461128 1053 365 1072 384
Car 0.347507 1076 362 1097 381
Car 0.603656 1106 364 1129 383
Car 0.304899 1020 382 1039 401
Car 0.452483 1047 383 1066 402
Car 0.378704 1080 383 1100 402
Car 0.449920 1099 382 1120 402
Car 0.245267 1025 406 1045 428
Car 0.297452 1059 401 1079 421
Car 0.394814 1087 400 1109 421
Car 0.447686 1149 401 1169 425
Car 0.651311 -4 425 12 444
Car 0.786788 21 429 53 451
Car 0.597287 44 415 77 436
Car 0.306275 1050 421 1071 443
Car 0.247498 1081 425 1105 449
Car 0.479457 66 440 99 462
Car 0.651805 434 445 465 470
Pedestrian 0.325047 917 441 926 460
Car 0.395508 940 439 968 468
Car 0.331915 1023 445 1047 469
Car 0.683223 10 458 36 477
Car 0.683058 50 455 87 478
Car 0.797416 97 458 132 485
Car 0.366140 145 468 180 492
Van 0.382750 222 459 283 503
Pedestrian 0.230839 843 471 854 487
Car 0.360493 1060 458 1084 483
Car 0.384595 1114 468 1134 493
Car 0.647358 2 478 26 500
Car 0.731782 63 477 102 504
Car 0.569343 123 479 161 506
Car 0.588878 178 478 214 503
Car 0.583719 213 487 250 514
Pedestrian 0.480171 14 508 26 526
Car 0.625321 104 498 136 524
Car 0.674824 158 497 195 524
Car 0.573068 258 506 302 531
Car 0.401803 1082 491 1109 519
Car 0.681293 178 520 223 549
Car 0.243822 207 512 245 541
Car 0.673057 256 526 300 553
Car 0.721567 300 517 352 549
Pedestrian 0.406912 897 519 910 539
Pedestrian 0.600169 924 523 936 542
Pedestrian 0.626776 950 525 960 542
Car 0.592433 1105 527 1132 553
Car 0.369375 206 541 255 575
Car 0.642205 290 542 346 571
Car 0.707151 361 545 411 573
Car 0.360896 277 559 336 588
Car 0.429109 352 559 404 588
Car 0.599639 428 564 472 591
Car 0.607581 479 555 518 582
Pedestrian 0.264273 1147 573 1160 590
Car 0.389935 307 575 354 607
Car 0.563255 483 584 529 614
Pedestrian 0.397360 596 583 606 602
Car 0.616305 898 585 948 613
Motor 0.552395 1142 582 1159 600
Motor 0.202459 1190 585 1207 601
Pedestrian 0.364844 1321 586 1339 605
Car 0.486408 344 591 394 626
Car 0.642793 440 591 486 626
Car 0.447938 534 601 589 637
Motor 0.212186 1160 607 1181 623
Car 0.606513 412 608 464 647
Car 0.814891 494 611 546 645
Pedestrian 0.284619 1264 634 1278 652
Motor 0.352429 1351 623 1369 643
Car 0.737874 465 632 520 666
Motor 0.206702 1262 638 1279 656
Motor 0.438758 1375 647 1394 666
Car 0.544483 446 650 501 686
Motor 0.429194 1152 669 1170 693
Pedestrian 0.263862 456 684 475 705
Pedestrian 0.611626 707 688 721 708
Pedestrian 0.566703 725 681 737 700
Pedestrian 0.246274 1380 695 1395 713
Pedestrian 0.305813 662 708 678 727
Motor 0.379681 1186 697 1207 720
Pedestrian 0.614025 1372 704 1391 727
Pedestrian 0.432932 529 724 541 743
Awning-tricycle 0.201938 626 721 648 744
Motor 0.266400 658 724 677 743
Motor 0.448420 721 729 742 749
Motor 0.257171 663 746 676 766
Motor 0.260372 693 744 708 766
Pedestrian 0.203337 714 774 727 792
Pedestrian 0.290118 804 778 816 792
Motor 0.341784 801 781 817 797
Pedestrian 0.466219 889 806 902 823
Pedestrian 0.402037 735 853 748 869
Pedestrian 0.339054 840 933 856 951
Pedestrian 0.372736 789 1029 805 1047
