Bus 0.769283 486 171 544 301
Bus 0.966849 555 212 611 339
Pedestrian 0.830177 445 48 454 63
Pedestrian 0.489494 460 48 468 63
Bus 0.821668 627 26 668 109
Car 0.904396 532 63 560 112
Car 0.982463 805 109 836 161
Pedestrian 0.356054 504 319 512 335
Pedestrian 0.256400 509 327 518 345
Pedestrian 0.249833 500 355 508 367
Pedestrian 0.458365 499 363 508 378
Van 0.885847 899 334 938 398
Pedestrian 0.489315 498 376 507 391
Car 0.980778 871 371 911 435
Car 0.899262 542 390 576 445
Car 0.979605 833 453 871 511
Pedestrian 0.312515 312 498 325 513
Pedestrian 0.578224 317 497 330 515
Pedestrian 0.582849 286 518 301 533
Pedestrian 0.900876 302 514 316 529
Pedestrian 0.925506 305 529 319 545
Van 0.573393 587 583 617 645
Car 0.920564 639 651 676 721
Car 0.463873 1045 761 1083 787
