Bus 0.438696 1028 766 1187 867
Bus 0.687864 1120 780 1238 892
Car 0.205731 14 570 23 576
Car 0.202623 25 569 34 575
Car 0.923567 282 626 298 641
Car 0.676849 281 641 299 655
Car 0.956345 325 647 347 662
Car 0.822956 340 662 363 677
Car 0.993056 403 690 434 711
Car 0.988958 433 683 460 703
Car 0.991408 474 682 509 703
Car 0.964025 79 703 108 728
Car 0.995838 500 729 538 757
Bus 0.959912 664 709 753 752
Car 0.993571 574 749 620 780
Car 0.953287 115 755 167 801
Bus 0.866114 903 747 1022 817
Bus 0.271478 1074 743 1208 802
Car 0.837989 1328 778 1375 813
Van 0.348395 963 775 1071 843
Car 0.993747 833 851 934 908
Car 0.516311 312 1020 422 1050
