Car 0.729440 879 22 886 28
Car 0.271975 887 19 896 25
Car 0.445509 869 31 877 38
Car 0.519874 897 64 908 73
Car 0.947985 844 93 857 104
Car 0.909447 929 94 943 105
Car 0.881825 941 107 955 117
Car 0.830265 800 165 815 182
Car 0.953329 870 182 888 197
Car 0.580216 886 179 902 193
Car 0.918629 944 192 962 208
Car 0.985823 861 210 880 226
Car 0.987551 1019 217 1036 233
Car 0.516435 803 240 825 262
Van 0.574250 873 240 895 262
Car 0.689995 1212 234 1245 253
Car 0.876980 1246 273 1275 296
Car 0.903643 1280 271 1320 291
Car 0.983738 823 288 850 312
Car 0.210360 1382 311 1400 334
Car 0.989804 690 349 720 382
Car 0.254817 1247 379 1302 399
Car 0.505011 1341 479 1394 507
Car 0.991638 722 493 759 540
Car 0.702471 1339 508 1398 543
