Car 0.854280 593 81 619 107
Pedestrian 0.243123 699 85 705 102
Pedestrian 0.209264 673 131 679 144
Pedestrian 0.667237 321 148 330 162
Pedestrian 0.311524 708 147 718 168
Pedestrian 0.572483 710 162 715 180
Pedestrian 0.423297 700 193 706 210
Pedestrian 0.786844 703 211 709 228
Pedestrian 0.308575 678 240 684 259
Pedestrian 0.766600 712 293 719 309
Pedestrian 0.408504 724 291 731 308
Pedestrian 0.511836 715 297 722 312
Pedestrian 0.353413 726 298 733 314
Pedestrian 0.316894 678 325 686 338
Pedestrian 0.422060 674 328 682 340
Pedestrian 0.626087 750 370 760 384
Bus 0.959104 629 459 690 512
