Car 0.209549 564 1 579 13
Car 0.759332 618 0 631 11
Car 0.225542 567 12 581 29
Van 0.296580 590 17 604 38
Car 0.461309 533 32 549 51
Car 0.382322 605 25 619 43
Car 0.889375 613 31 629 51
Car 0.537199 838 54 863 74
Car 0.580063 856 62 883 80
Car 0.425387 1241 57 1278 78
Car 0.826145 1299 59 1317 83
Car 0.884999 612 78 628 98
Car 0.244032 894 77 920 95
Car 0.314528 1241 68 1277 87
Car 0.693862 690 85 704 105
Car 0.651901 554 99 569 120
Van 0.526981 635 100 649 119
Van 0.780136 1304 89 1327 138
Car 0.865097 599 143 617 163
Van 0.614630 638 146 655 165
Car 0.330093 821 143 837 162
Car 0.601227 837 147 855 167
Car 0.547898 1311 145 1330 174
Car 0.530954 660 168 675 184
Car 0.270019 539 176 559 202
Car 0.555704 1328 223 1358 252
Car 0.572297 593 244 607 266
Car 0.656447 672 257 691 278
Car 0.911584 766 356 783 379
Car 0.899174 783 355 801 378
Bus 0.378034 723 477 746 524
Car 0.572554 692 501 711 531
Car 0.984475 712 535 730 567
Car 0.938275 758 604 773 633
Car 0.990906 701 632 716 664
Car 0.944156 724 663 737 695
Van 0.776173 475 704 511 725
Van 0.504983 604 712 641 732
Car 0.921069 581 743 612 762
Car 0.812027 581 760 613 778
Car 0.952926 720 742 735 776
Car 0.269898 582 772 613 785
