Bus 0.464857 973 256 1046 365
Bus 0.897527 873 421 1091 492
Bus 0.971934 367 508 595 658
Truck 0.533456 720 1 745 25
Car 0.545740 791 2 810 16
Car 0.973682 776 29 794 49
Truck 0.666683 809 15 831 52
Truck 0.646476 840 8 877 59
Car 0.495309 650 54 684 73
Car 0.977151 788 69 803 89
Car 0.468038 751 83 773 109
Car 0.991920 786 98 803 119
Car 0.890435 891 107 910 130
Car 0.983417 859 115 878 134
Car 0.991292 794 130 812 152
Pedestrian 0.749859 739 148 745 162
Car 0.926067 798 168 817 192
Car 0.558773 902 156 925 183
Bus 0.527720 864 217 895 277
Truck 0.975785 910 266 970 350
Van 0.652565 978 365 1032 408
Van 0.937622 1293 530 1392 602
