Truck 0.927065 1011 558 1110 661
Truck 0.349200 597 643 676 739
Car 0.904148 567 0 586 6
Car 0.837561 619 0 643 13
Car 0.980013 529 15 550 32
Car 0.946081 654 21 677 36
Car 0.276704 1327 28 1348 42
Car 0.437664 622 37 648 57
Car 0.777981 1377 57 1394 72
Car 0.992331 641 98 667 117
Car 0.729590 639 124 666 145
Car 0.967048 737 115 764 136
Car 0.917880 791 132 820 156
Car 0.975683 776 147 803 170
Bus 0.809689 852 178 901 219
Car 0.980587 723 210 750 233
Car 0.996464 776 223 802 248
Truck 0.480120 936 237 985 295
Bus 0.881647 895 243 967 321
Car 0.963094 810 289 840 319
Motor 0.907289 915 405 934 425
Car 0.978055 901 450 946 492
Car 0.962711 1074 469 1127 521
