Bus 0.971937 1029 425 1114 539
Bus 0.996128 1092 563 1190 693
Bus 0.820698 656 667 725 778
Car 0.496446 163 0 194 26
Car 0.281861 361 -1 397 5
Car 0.913497 511 -1 532 9
Car 0.614452 646 0 671 25
Car 0.825461 231 5 260 37
Car 0.986954 682 7 706 38
Car 0.532067 160 29 192 66
Car 0.988221 674 50 699 86
Car 0.752281 224 68 263 106
Car 0.906817 690 89 715 126
Van 0.677806 204 110 245 157
Truck 0.964401 573 105 620 204
Car 0.770649 793 146 827 181
Car 0.858277 295 158 328 195
Bus 0.648317 696 127 744 221
Car 0.965295 743 167 768 205
Car 0.204081 182 187 221 220
Car 0.914294 680 205 709 244
Car 0.840992 724 218 754 262
Car 0.450713 760 220 790 268
Car 0.692365 795 223 821 271
Van 0.740483 736 262 772 310
Car 0.931392 784 295 812 343
Car 0.861363 632 318 664 368
Car 0.358543 678 328 714 375
Car 0.889071 758 324 789 378
Car 0.880953 799 372 831 421
Bus 0.955205 607 388 645 477
Car 0.897750 809 420 837 476
Car 0.905148 849 431 879 485
Car 0.469216 245 472 306 506
Car 0.925873 171 497 230 530
Car 0.817235 519 482 573 522
Car 0.902048 87 509 150 540
Car 0.303268 0 534 66 569
Car 0.950876 682 532 714 596
Car 0.977154 90 598 157 631
Car 0.990546 244 617 311 651
Car 0.987606 405 687 460 741
Car 0.929357 549 733 610 767
Car 0.546214 229 767 296 786
