Van 0.550362 187 435 300 544
Car 0.938150 541 558 636 695
Truck 0.256151 1215 601 1297 721
Car 0.941693 812 24 835 45
Car 0.784043 1097 22 1116 42
Car 0.842494 1037 46 1055 63
Car 0.849350 1098 59 1123 84
Car 0.547657 750 66 780 99
Car 0.240162 883 70 915 98
Car 0.950679 1051 70 1071 89
Car 0.967721 744 138 777 174
Car 0.963224 531 199 578 240
Car 0.913538 472 208 519 250
Car 0.840115 615 257 659 313
Car 0.953299 1249 263 1306 286
Car 0.979845 729 267 764 321
Car 0.989844 420 313 482 366
Car 0.982561 465 465 531 542
Car 0.973029 540 478 596 557
Car 0.687658 1210 556 1253 620
