Car 0.966783 199 5 288 143
Awning-tricycle 0.241333 233 120 326 257
Car 0.972592 383 235 506 366
Truck 0.870574 499 339 723 446
Car 0.960087 617 489 794 569
Car 0.925070 822 500 1000 573
Car 0.946072 -3 561 146 656
Car 0.989429 835 589 1004 674
Car 0.990125 582 689 768 776
Car 0.873524 790 709 950 803
Car 0.931752 991 729 1174 821
Car 0.956166 1223 745 1386 832
Car 0.833433 504 810 674 890
Pedestrian 0.544180 399 133 422 168
Pedestrian 0.224007 372 150 398 183
Pedestrian 0.267719 408 153 432 183
Pedestrian 0.424878 436 152 459 183
Pedestrian 0.350659 451 154 475 191
Pedestrian 0.383721 415 172 440 203
Car 0.953351 739 185 905 262
Motor 0.217295 972 209 991 263
Pedestrian 0.263748 266 241 299 268
Pedestrian 0.873880 632 266 652 288
Motor 0.591853 1324 230 1348 307
Pedestrian 0.778710 629 303 650 322
Awning-tricycle 0.452237 265 300 338 378
Pedestrian 0.211842 389 383 413 402
Van 0.871576 664 355 754 437
Pedestrian 0.956371 842 405 863 430
Tricycle 0.274009 1088 434 1186 478
Pedestrian 0.246835 345 461 379 485
Car 0.844691 1039 521 1210 592
Car 0.976181 1299 529 1398 596
Car 0.933518 335 643 487 714
Pedestrian 0.334468 518 672 547 710
Van 0.553868 946 819 1113 888
Pedestrian 0.447007 1313 836 1351 873
Pedestrian 0.279052 671 889 700 920
Pedestrian 0.498601 1249 890 1291 920
Pedestrian 0.473521 858 924 899 957
Pedestrian 0.787963 1017 927 1046 960
Pedestrian 0.280697 877 941 914 971
Pedestrian 0.666693 1023 940 1053 973
Pedestrian 0.240501 934 983 962 1008
Pedestrian 0.382060 1016 978 1044 1006
