Car 0.302769 875 212 927 230
Car 0.271364 712 253 726 276
Car 0.279205 763 256 777 280
Van 0.320396 761 263 773 286
Car 0.343210 1373 279 1394 291
Car 0.453507 1381 285 1396 298
Van 0.453354 706 291 724 317
Car 0.940615 754 293 772 321
Car 0.415805 749 332 771 361
Car 0.305729 694 345 711 368
Car 0.662289 693 353 711 389
Car 0.865699 748 368 771 400
Pedestrian 0.253329 849 378 860 398
Car 0.349787 861 372 895 400
Truck 0.228795 825 403 924 437
Car 0.258564 869 407 920 429
Van 0.550271 125 420 184 441
Pedestrian 0.339576 1220 424 1231 439
Car 0.339326 0 451 21 480
Motor 0.202114 509 733 603 755
