Car 0.262906 811 0 831 8
Car 0.932221 559 24 577 53
Van 0.974795 655 36 676 73
Car 0.956705 908 41 940 62
Van 0.502148 460 55 478 84
Car 0.492609 957 70 996 92
Car 0.534195 782 84 826 108
Truck 0.693655 634 127 664 176
Van 0.433145 818 149 843 181
Car 0.954178 603 159 620 191
Car 0.802289 839 158 863 191
Car 0.247263 585 168 602 199
Car 0.911398 862 171 887 205
Van 0.678581 884 181 910 218
Car 0.807993 1226 200 1260 226
Car 0.944793 1267 218 1301 244
Van 0.363497 814 234 858 278
Car 0.945586 1228 250 1263 276
Car 0.747615 1315 254 1339 282
Car 0.479909 512 269 530 300
Car 0.815724 629 257 646 288
Car 0.984903 724 265 742 298
Car 0.935938 612 297 629 328
Van 0.836711 693 320 711 354
Car 0.696159 597 365 618 398
Car 0.248498 665 469 684 505
Car 0.726938 728 524 747 567
Car 0.921914 596 554 616 591
Van 0.583432 764 545 783 582
Car 0.721191 1339 561 1376 596
Car 0.459524 1234 694 1289 726
Car 0.958638 629 754 650 788
Car 0.523740 994 773 1037 786
