Bus 0.560186 820 0 855 24
Bus 0.894970 612 21 667 45
Bus 0.514642 687 17 745 44
Bus 0.942976 785 50 864 80
Car 0.959370 471 78 503 93
Truck 0.489210 278 83 339 108
Car 0.218744 283 103 336 118
Car 0.992739 736 114 777 130
Van 0.222786 296 127 340 149
Car 0.944174 917 142 953 158
Car 0.582773 306 148 342 166
Car 0.522637 727 193 743 210
Truck 0.250754 984 209 1041 231
Car 0.990689 833 242 866 262
Car 0.952068 876 242 910 260
Car 0.978686 929 235 969 253
Car 0.843613 838 259 870 281
Car 0.991011 707 267 726 296
Car 0.400825 776 273 797 309
Car 0.796647 586 297 608 328
Car 0.970251 742 341 759 372
Car 0.741411 486 365 502 392
Car 0.904768 567 380 587 414
Car 0.969539 781 400 801 436
Car 0.981999 768 446 789 482
Car 0.727781 1070 482 1101 506
Car 0.982216 1142 484 1197 506
Car 0.841647 1210 483 1260 509
Car 0.736052 1268 483 1319 512
Car 0.619833 1388 494 1399 517
Car 0.948379 652 494 672 535
Car 0.934698 567 520 588 563
Van 0.989359 725 518 744 566
Car 0.781815 748 705 773 763
Truck 0.208695 754 778 789 786
