Car 0.870526 209 0 227 15
Truck 0.599784 269 -3 295 21
Car 0.200472 838 19 852 37
Car 0.948262 241 36 260 61
Car 0.856321 266 30 287 52
Car 0.949543 260 75 283 102
Car 0.910225 298 75 321 101
Car 0.592022 639 83 675 101
Pedestrian 0.300594 772 81 779 97
Pedestrian 0.650821 788 83 794 97
Car 0.977937 634 100 671 119
Pedestrian 0.255259 779 97 786 109
Car 0.928329 623 116 660 136
Car 0.780470 272 140 295 169
Car 0.916613 304 136 327 163
Car 0.887113 323 163 351 188
Car 0.336312 596 187 630 209
Car 0.922067 336 197 368 229
Pedestrian 0.233523 523 224 530 236
Pedestrian 0.480583 675 234 683 246
Pedestrian 0.355724 707 226 718 241
Car 0.832917 333 235 362 267
Car 0.909157 372 240 407 275
Pedestrian 0.283855 654 240 663 252
Pedestrian 0.777765 681 244 690 256
Pedestrian 0.474866 689 258 698 270
Car 0.306403 181 272 205 300
Car 0.727741 356 270 389 305
Car 0.577686 199 305 227 335
Car 0.904376 465 303 499 339
Pedestrian 0.766671 514 302 523 317
Van 0.772755 527 292 556 320
Pedestrian 0.612840 519 333 529 347
Van 0.920019 164 340 206 369
Car 0.860651 394 323 428 365
Motor 0.695745 517 338 528 352
Car 0.466835 576 342 605 380
Van 0.753274 90 360 146 387
Car 0.909498 443 349 478 383
Car 0.881246 -1 385 28 412
Car 0.791198 33 373 83 400
Motor 0.334986 619 385 630 405
Car 0.883840 150 388 208 423
Car 0.845215 439 389 478 428
Motor 0.362353 600 406 610 422
Car 0.885135 9 425 73 452
Car 0.837723 489 412 537 453
Van 0.403685 553 419 583 452
Tricycle 0.392076 641 445 663 472
Van 0.752458 -1 456 33 485
Pedestrian 0.539650 72 470 83 483
Car 0.742782 477 446 514 485
Motor 0.339140 646 458 660 476
Car 0.676298 0 485 32 511
Car 0.765913 539 468 584 516
Pedestrian 0.899621 596 510 607 526
Car 0.874039 662 488 704 532
Car 0.882968 643 529 690 572
Pedestrian 0.623996 511 566 522 586
Car 0.892956 542 552 586 602
Pedestrian 0.515048 501 594 512 609
Motor 0.398080 519 610 534 628
Pedestrian 0.483434 535 605 547 620
Pedestrian 0.217206 378 635 392 646
Motor 0.729153 498 628 510 644
Pedestrian 0.340771 380 652 392 664
Motor 0.436427 479 639 492 660
Pedestrian 0.380412 448 736 460 748
Pedestrian 0.501334 457 735 472 748
Pedestrian 0.583696 438 748 449 761
Car 0.975191 637 721 689 792
Pedestrian 0.331224 500 785 512 800
Pedestrian 0.405833 507 785 519 802
Pedestrian 0.277545 461 834 474 852
Motor 0.374316 459 841 475 862
Pedestrian 0.237769 305 865 319 881
Motor 0.647012 1086 867 1112 893
Motor 0.387019 435 888 455 909
Van 0.470596 447 969 492 1053
Car 0.626998 895 1019 959 1049
