Truck 0.805567 296 424 395 520
Truck 0.865674 244 517 323 608
Truck 0.441706 812 569 889 686
Car 0.597276 678 4 688 11
Car 0.207008 709 2 720 8
Car 0.622636 732 1 742 8
Car 0.205709 766 2 776 9
Car 0.231623 658 20 668 28
Car 0.571334 677 18 686 26
Car 0.837741 709 19 719 28
Car 0.379358 661 31 671 40
Car 0.948823 728 31 738 41
Car 0.461326 779 32 788 44
Car 0.305319 634 48 646 59
Car 0.405374 716 45 724 54
Car 0.654876 791 44 802 57
Car 0.917284 787 65 799 78
Car 0.237322 589 95 600 109
Car 0.982349 721 95 739 110
Car 0.944156 787 89 798 104
Car 0.584995 805 121 823 145
Car 0.721849 829 136 848 157
Truck 0.604839 719 132 746 191
Car 0.971861 791 166 807 180
Car 0.760377 798 197 819 222
Car 0.853532 724 202 744 223
Car 0.806731 754 204 775 223
Car 0.965479 806 232 829 263
Car 0.944181 727 274 750 298
Truck 0.310698 897 274 940 346
Car 0.979205 688 330 716 359
Truck 0.696171 912 380 967 464
Car 0.412307 392 419 425 453
Car 0.427633 745 471 791 538
Car 0.936868 356 564 399 614
Car 0.807756 241 620 292 674
Pedestrian 0.706150 352 693 365 718
Pedestrian 0.222814 177 757 191 772
