Car 0.941509 681 331 707 355
Pedestrian 0.576246 601 364 608 375
Car 0.941755 706 371 729 401
Van 0.883913 1294 368 1337 409
Car 0.211411 618 413 642 445
Car 0.203705 724 417 751 443
Car 0.994776 1328 421 1371 446
Pedestrian 0.456311 902 550 910 560
Car 0.981378 1121 537 1170 571
Car 0.618191 1381 547 1401 589
Car 0.933340 1155 564 1199 598
Truck 0.761386 1211 576 1300 626
Car 0.978509 918 630 967 666
Car 0.965290 1326 627 1385 663
Car 0.582202 1377 646 1401 682
Car 0.927418 963 653 1007 683
Car 0.995616 1169 653 1224 689
Car 0.997841 1232 658 1286 695
Car 0.993921 781 693 836 727
Bus 0.879240 1134 716 1271 783
Car 0.388263 737 758 772 785
Car 0.849229 965 761 1014 786
