Car 0.522479 1472 176 1509 199
Car 0.498045 1203 286 1253 310
Car 0.828475 1139 353 1196 382
Car 0.242472 418 364 450 392
Car 0.919725 1129 363 1186 394
Car 0.524751 1013 435 1070 472
Car 0.489203 91 456 150 492
Car 0.851649 218 436 281 478
Car 0.822367 987 443 1050 480
Car 0.951930 906 485 975 528
Car 0.776555 4 544 55 580
Car 0.941020 57 564 135 600
Car 0.985269 130 586 208 625
Car 0.957018 200 610 278 648
Car 0.947131 280 632 360 675
Truck 0.608646 358 647 466 700
Car 0.950794 454 689 538 737
Car 0.947102 557 720 640 766
Car 0.987350 448 737 533 788
Pedestrian 0.874235 854 806 872 836
Motor 0.598668 857 817 888 850
Car 0.990700 540 835 645 902
Car 0.972033 749 865 843 939
Pedestrian 0.286192 88 989 108 1014
