Truck 0.450043 298 547 383 631
Car 0.247540 731 128 741 136
Car 0.207526 706 136 716 144
Car 0.289009 733 160 744 170
Car 0.783036 704 166 713 174
Car 0.580165 679 197 690 205
Car 0.836511 700 198 711 207
Pedestrian 0.225358 682 218 688 226
Motor 0.609071 687 229 693 236
Car 0.452315 703 231 716 243
Motor 0.311016 674 241 679 248
Car 0.858519 766 242 779 255
Car 0.876852 750 259 762 273
Car 0.443278 663 267 674 280
Car 0.781265 684 276 698 290
Car 0.523864 698 267 711 280
Pedestrian 0.269542 541 294 550 305
Car 0.917000 754 286 766 302
Pedestrian 0.311161 512 305 518 316
Car 0.964961 648 313 665 327
Car 0.559079 496 336 515 356
Car 0.851635 489 339 509 360
Motor 0.333639 695 353 706 365
Car 0.965115 633 378 653 397
Car 0.745541 767 395 786 421
Motor 0.911873 660 453 671 470
Van 0.443849 244 655 290 702
