Car 0.966817 654 -2 673 18
Car 0.733508 758 -1 775 12
Car 0.961202 604 25 622 54
Car 0.841208 668 87 687 120
Car 0.904809 767 131 788 173
Van 0.794557 241 182 301 213
Car 0.990423 613 211 635 252
Car 0.986714 672 215 692 254
Van 0.374713 227 318 294 343
Van 0.882625 221 345 273 373
Car 0.705862 635 342 658 381
Car 0.954449 594 357 617 408
Van 0.820341 666 379 687 425
Van 0.499888 443 439 497 466
Car 0.674601 871 417 896 480
Car 0.512990 431 470 491 496
Car 0.832770 801 451 826 507
Car 0.906569 844 490 873 554
Car 0.983810 652 564 677 622
Car 0.972317 570 580 600 633
Van 0.384652 832 618 864 698
Car 0.844424 916 672 951 745
Car 0.886638 28 699 88 735
Car 0.954599 106 711 172 746
Car 0.986256 613 701 636 772
Car 0.979544 209 733 270 765
Car 0.774400 568 722 596 788
