Pedestrian 0.210341 1251 146 1259 162
Car 0.963126 477 189 509 219
Car 0.835321 440 246 477 279
Car 0.975370 322 264 352 289
Car 0.950169 572 354 614 388
Car 0.955145 694 388 736 421
Car 0.935180 615 424 666 458
Car 0.963116 435 491 475 533
Car 0.971700 967 528 1021 560
Pedestrian 0.506680 424 557 432 571
Car 0.910429 1252 553 1309 589
Car 0.992340 758 589 815 628
Car 0.705020 548 611 595 653
Car 0.951947 1343 651 1398 693
Car 0.984591 422 669 470 723
Bus 0.750273 1119 658 1262 726
Car 0.250570 945 679 1001 718
