Car 0.373863 64 47 94 66
Car 0.653467 81 60 114 78
Car 0.689040 1717 68 1766 94
Car 0.398732 24 77 55 100
Car 0.369696 117 83 144 102
Car 0.569570 148 97 175 117
Truck 0.635354 79 109 125 145
Car 0.529193 191 121 220 143
Car 0.581571 225 140 255 161
Car 0.293296 250 152 282 172
Car 0.821617 267 161 302 181
Car 0.324829 290 172 321 192
Car 0.812367 300 180 333 201
Car 0.339327 54 198 110 225
Car 0.848778 326 200 363 223
Car 0.506928 362 219 398 245
Car 0.792323 383 236 421 265
Car 0.934220 286 257 324 288
Car 0.218970 419 258 459 285
Car 0.732868 423 266 473 294
Car 0.958900 432 282 474 314
Car 0.552099 653 290 697 317
Car 0.821760 497 301 540 334
Car 0.957455 532 327 582 359
Car 0.849662 560 356 613 386
Car 0.364151 281 373 324 407
Car 0.901230 619 379 680 414
Car 0.939244 383 405 439 447
Car 0.763160 590 401 635 440
Truck 0.318088 685 408 733 444
Car 0.488160 319 450 386 482
Car 0.386714 361 472 408 503
Car 0.518443 370 487 429 522
Car 0.970109 796 488 861 530
Car 0.683962 399 504 463 541
Car 0.849322 657 494 701 544
Pedestrian 0.536458 1508 924 1527 958
Car 0.640502 1125 928 1221 1007
