Car 0.219010 608 5 620 13
Bus 0.354370 643 -2 661 18
Car 0.635149 677 3 687 16
Car 0.711187 702 0 711 10
Car 0.409792 737 3 747 15
Bus 0.721710 758 -4 777 29
Car 0.441590 587 17 601 28
Car 0.574523 621 16 635 28
Car 0.597042 734 12 744 26
Car 0.455228 697 35 708 50
Car 0.228364 760 30 767 42
Car 0.682499 562 49 579 60
Car 0.870946 634 43 647 55
Car 0.869304 669 40 681 55
Car 0.913524 707 40 719 56
Bus 0.855451 845 37 865 68
Bus 0.440727 492 53 546 79
Car 0.646049 600 63 611 75
Car 0.681674 649 76 660 92
Car 0.340310 528 91 544 107
Bus 0.568198 894 81 949 105
Car 0.801310 642 109 655 124
Bus 0.542576 684 91 704 122
Car 0.761967 820 101 837 118
Car 0.888151 598 116 610 132
Car 0.845331 627 153 640 171
Bus 0.672033 701 129 724 181
Van 0.503700 651 169 667 189
Car 0.953300 541 179 556 197
Car 0.905586 680 178 696 197
Car 0.962596 577 197 593 215
Car 0.833037 624 199 638 218
Car 0.436219 647 197 663 218
Car 0.949827 778 195 791 218
Bus 0.434820 605 228 631 292
Car 0.683593 640 255 655 281
Car 0.980574 558 283 575 308
Car 0.989594 487 331 509 355
Motor 0.284330 406 378 416 388
Pedestrian 0.365403 1317 412 1331 432
Car 0.871053 467 422 488 448
Pedestrian 0.290839 1322 420 1336 439
Pedestrian 0.227566 1321 440 1333 456
Car 0.979963 520 440 544 469
Pedestrian 0.456701 1329 451 1341 466
Pedestrian 0.542823 1351 452 1363 468
Car 0.910625 744 454 763 490
Pedestrian 0.379105 1381 474 1392 488
Pedestrian 0.235422 1348 482 1360 497
Pedestrian 0.396850 1183 517 1195 533
Pedestrian 0.351769 1373 517 1385 532
Pedestrian 0.465527 1197 527 1208 542
Pedestrian 0.335512 1353 533 1365 548
Pedestrian 0.460060 1375 526 1387 540
Pedestrian 0.760338 350 542 357 556
Van 0.983974 562 531 590 570
Pedestrian 0.773555 924 576 933 590
Motor 0.318382 1239 576 1255 592
Pedestrian 0.434376 983 606 991 618
Pedestrian 0.220767 1275 650 1286 663
Pedestrian 0.607565 1310 651 1320 667
Pedestrian 0.896669 495 730 503 742
Pedestrian 0.570757 1123 719 1132 736
Pedestrian 0.706305 434 748 442 761
Pedestrian 0.272494 491 739 499 751
Pedestrian 0.805055 1082 777 1092 786
Pedestrian 0.874676 1108 770 1117 784
