Car 0.246121 979 189 985 197
Car 0.292836 959 210 967 218
Car 0.361516 974 203 981 211
Car 0.589521 950 228 959 237
Car 0.580570 972 223 979 232
Car 0.539028 933 245 944 257
Car 0.703438 972 246 980 257
Car 0.605994 943 271 954 284
Car 0.642811 939 286 950 301
Car 0.428720 815 303 837 314
Car 0.793347 923 304 935 319
Car 0.335107 781 351 807 365
Car 0.680403 891 341 906 356
Car 0.825944 920 340 934 357
Car 0.234796 773 362 802 375
Car 0.660297 898 367 912 383
Car 0.804716 752 387 787 401
Car 0.693307 913 391 930 413
Car 0.503654 348 408 374 427
Car 0.446007 744 401 775 417
Pedestrian 0.273417 412 428 420 442
Car 0.533460 432 422 458 440
Car 0.242527 678 430 701 448
Car 0.732050 691 428 717 452
Car 0.671155 722 419 751 438
Car 0.560774 907 421 924 445
Car 0.240395 619 472 651 492
Car 0.869704 856 466 878 493
Car 0.698171 290 488 330 510
Bus 0.314015 882 453 918 523
Pedestrian 0.458200 806 511 816 530
Car 0.854227 841 493 866 524
Motor 0.227734 807 517 817 534
Pedestrian 0.774910 268 552 281 566
Car 0.653545 831 530 857 562
Car 0.314549 861 538 888 576
Car 0.590767 81 568 136 597
Pedestrian 0.447622 699 573 710 589
Pedestrian 0.484333 725 574 734 591
Car 0.352925 784 559 806 597
Car 0.430301 814 564 841 599
Pedestrian 0.636450 501 592 513 607
Motor 0.405361 724 579 736 597
Car 0.604149 855 583 881 620
Van 0.294039 94 605 137 642
Car 0.491849 219 601 269 635
Pedestrian 0.668629 734 611 746 628
Car 0.721562 159 610 210 643
Car 0.487668 133 638 190 671
Pedestrian 0.645410 860 674 873 690
Pedestrian 0.303606 66 689 82 709
Pedestrian 0.243845 74 695 89 713
Car 0.428570 197 674 255 712
Van 0.458233 287 678 341 724
Pedestrian 0.642982 587 696 600 712
Car 0.378485 383 688 442 729
Motor 0.217931 587 700 600 716
Pedestrian 0.560795 1013 703 1025 721
Van 0.872479 1131 676 1172 745
Car 0.620868 278 716 342 764
Car 0.684351 345 711 402 757
Pedestrian 0.364013 185 755 200 771
Motor 0.677402 911 752 929 768
Pedestrian 0.615317 1102 752 1115 770
Pedestrian 0.442002 131 773 148 792
Motor 0.408226 192 764 208 782
Pedestrian 0.370027 984 760 1002 777
Pedestrian 0.701372 1084 765 1097 783
Pedestrian 0.440515 1105 766 1118 788
Pedestrian 0.457491 179 787 193 804
Pedestrian 0.226819 195 789 208 807
Pedestrian 0.287215 227 791 242 809
Pedestrian 0.354393 241 791 256 810
Car 0.607881 353 767 418 812
Pedestrian 0.409186 216 809 231 829
Pedestrian 0.493091 241 807 254 826
Pedestrian 0.363777 227 830 241 849
Pedestrian 0.497270 248 826 261 844
Pedestrian 0.305242 264 829 277 847
Pedestrian 0.542646 1104 830 1132 851
Pedestrian 0.727895 1130 829 1149 847
Pedestrian 0.836593 1293 828 1314 849
Pedestrian 0.504428 271 853 285 873
Pedestrian 0.427189 341 854 353 871
Pedestrian 0.347998 1191 854 1210 875
Pedestrian 0.492842 297 871 312 891
Motor 0.275734 345 861 364 880
Pedestrian 0.620056 415 867 433 887
Pedestrian 0.438285 1140 862 1164 891
Pedestrian 0.336863 1215 864 1236 889
Pedestrian 0.482237 384 895 401 916
Pedestrian 0.473590 319 903 336 923
Motor 0.426923 383 900 406 921
Pedestrian 0.719356 452 914 470 932
Car 0.713402 872 882 928 962
Motor 0.571030 1327 903 1354 930
Motor 0.336934 1385 926 1400 952
Motor 0.838396 506 971 527 992
Car 0.929453 1211 951 1327 1019
Pedestrian 0.604477 396 981 417 1006
Motor 0.714299 453 981 475 1004
Car 0.317839 1250 1022 1358 1048
