Car 0.324234 29 0 64 8
Car 0.555562 361 6 397 26
Car 0.889974 367 32 403 53
Car 0.585412 409 25 443 43
Car 0.715817 134 62 167 84
Car 0.963108 288 97 323 119
Car 0.931447 219 121 253 143
Pedestrian 0.370917 60 140 68 153
Car 0.866277 206 142 240 163
Van 0.925083 376 145 418 175
Car 0.942019 333 201 368 229
Pedestrian 0.405469 1177 240 1186 258
Car 0.987992 404 251 438 283
Car 0.840256 446 242 481 275
Car 0.922973 571 258 605 290
Car 0.976169 541 273 579 307
Car 0.732144 373 290 410 328
Car 0.984977 469 306 509 341
Car 0.877906 451 342 493 381
Car 0.982800 695 391 738 435
Car 0.990126 659 413 700 461
Car 0.986445 554 456 592 502
Car 0.797293 673 533 715 583
Pedestrian 0.356240 1153 557 1164 574
Pedestrian 0.670510 1149 707 1159 725
Pedestrian 0.647473 1160 712 1171 731
Pedestrian 0.474246 1186 713 1198 732
Pedestrian 0.796628 1165 721 1175 742
Pedestrian 0.836473 1185 721 1197 743
