Truck 0.674048 890 492 1048 608
Van 0.769733 493 239 518 280
Car 0.325079 1888 245 1911 283
Pedestrian 0.248867 763 274 774 294
Car 0.488652 2 283 34 311
Bike 0.225768 554 294 569 310
Car 0.742170 1726 340 1805 386
Van 0.957552 555 373 602 418
Car 0.949019 1654 383 1732 427
Car 0.981913 1589 418 1661 464
Motor 0.522546 1561 447 1589 468
Truck 0.280127 871 485 1010 572
Car 0.589113 991 568 1066 614
Car 0.971699 1177 676 1260 738
Truck 0.406637 1274 720 1402 793
Car 0.987488 1376 786 1475 861
Car 0.513965 1010 816 1078 900
Car 0.890024 1276 827 1381 907
Car 0.494912 1103 859 1191 940
Car 0.646057 1619 940 1752 1023
Car 0.736978 587 1007 643 1073
Car 0.321449 1768 1024 1890 1075
