Car 0.960108 525 5 547 31
Car 0.971454 572 81 593 107
Car 0.484027 851 114 878 149
Van 0.432839 883 126 918 161
Car 0.986986 445 154 466 184
Car 0.838760 521 154 544 185
Truck 0.266138 788 180 835 217
Car 0.918466 605 205 626 241
Car 0.944560 435 264 455 303
Car 0.970152 586 259 610 294
Car 0.677641 1104 307 1154 340
Car 0.918401 473 333 497 370
Bus 0.858414 519 335 571 463
Car 0.945589 488 429 510 467
Car 0.947519 1039 468 1080 517
Car 0.781002 1067 478 1108 532
Car 0.604309 1095 491 1133 546
Car 0.813284 504 545 535 598
Car 0.956091 669 557 701 619
Car 0.975407 583 601 615 655
Car 0.991325 538 674 570 726
