Car 0.978063 150 737 308 845
Pedestrian 0.209948 1361 114 1379 143
Pedestrian 0.476451 1225 177 1243 202
Pedestrian 0.745958 1238 178 1265 204
Pedestrian 0.983844 1296 216 1317 244
Pedestrian 0.856750 1324 219 1343 245
Car 0.985602 1085 226 1172 281
Pedestrian 0.859649 1323 235 1345 261
Pedestrian 0.775222 1249 262 1271 291
Pedestrian 0.858568 1260 261 1284 292
Pedestrian 0.824768 1295 255 1318 283
Pedestrian 0.744996 1087 331 1107 359
Pedestrian 0.231289 735 422 760 447
Tricycle 0.297562 733 418 781 450
Pedestrian 0.940808 872 412 892 441
Motor 0.958805 490 496 518 531
Pedestrian 0.981556 695 527 712 552
Motor 0.868186 378 558 410 593
Motor 0.222745 392 558 419 589
Motor 0.704796 330 582 354 620
Motor 0.646031 341 578 365 613
Motor 0.901717 397 586 439 619
Motor 0.841885 297 597 323 637
Motor 0.379983 315 591 339 624
Motor 0.577380 337 627 385 654
Motor 0.840541 302 639 334 679
Motor 0.292376 64 702 92 736
Motor 0.547010 133 701 167 739
Motor 0.251462 152 700 178 738
Motor 0.538172 193 700 246 733
Pedestrian 0.679472 188 748 213 775
Pedestrian 0.545872 102 756 139 788
Pedestrian 0.562267 100 780 142 813
