Car 0.390943 883 357 900 369
Car 0.454275 887 376 901 389
Car 0.821710 889 391 903 404
Car 0.748785 899 416 915 430
Car 0.734467 859 441 875 455
Car 0.870790 887 440 903 453
Car 0.440511 846 457 864 471
Car 0.610844 931 462 950 476
Car 0.604409 920 478 946 493
Car 0.317338 964 473 982 487
Car 0.285793 832 501 853 517
Car 0.752792 841 496 859 512
Truck 0.322730 923 491 954 507
Car 0.458420 1356 503 1388 521
Car 0.287928 770 516 797 531
Car 0.795169 828 519 849 535
Car 0.343992 1333 511 1363 531
Car 0.364625 834 582 855 610
Car 0.260674 746 602 770 633
Car 0.382567 716 609 737 638
Bus 0.682129 834 614 872 681
Car 0.952996 689 700 716 727
Truck 0.364610 943 715 977 750
Car 0.703574 765 734 796 767
Car 0.274667 655 763 683 801
Motor 0.675518 840 765 850 781
Car 0.842967 944 762 974 797
Pedestrian 0.830703 866 812 877 831
Motor 0.570728 198 830 217 849
Car 0.931551 759 819 795 853
Car 0.938780 825 831 852 878
Truck 0.779994 955 823 994 877
Car 0.978805 1578 833 1630 874
Tricycle 0.207706 155 887 173 912
Pedestrian 0.571100 832 896 846 917
Car 0.927230 46 904 134 943
Car 0.920163 212 909 292 951
Car 0.775682 171 947 252 996
Car 0.757454 1 962 62 996
Car 0.728847 0 987 36 1023
Car 0.930243 815 972 851 1035
Car 0.996433 671 996 755 1041
Van 0.240348 808 1045 848 1073
