Bus 0.602996 750 604 800 774
Bus 0.910139 872 685 972 788
Pedestrian 0.358213 814 2 819 10
Car 0.963186 737 17 755 35
Pedestrian 0.561466 794 19 799 31
Pedestrian 0.933176 819 18 825 32
Pedestrian 0.587383 800 27 805 40
Pedestrian 0.645065 816 27 821 40
Pedestrian 0.225729 825 66 830 77
Pedestrian 0.206942 843 59 849 70
Car 0.364420 775 75 791 95
Pedestrian 0.387204 822 73 827 85
Car 0.375567 540 146 561 173
Car 0.979035 577 163 596 190
Pedestrian 0.329661 519 199 527 214
Van 0.797921 836 264 865 307
Pedestrian 0.781527 928 402 938 422
Pedestrian 0.722462 952 489 964 514
Car 0.998737 600 520 639 579
Car 0.987621 435 590 486 660
Pedestrian 0.415554 148 720 166 749
