Bus 0.991494 332 490 400 629
Car 0.937281 294 2 325 15
Car 0.978387 401 3 431 19
Pedestrian 0.526132 370 104 377 120
Pedestrian 0.420290 288 152 295 172
Pedestrian 0.687879 435 151 441 167
Car 0.952081 644 148 668 188
Truck 0.873296 755 307 787 378
Pedestrian 0.352969 788 331 795 345
Pedestrian 0.308641 792 395 799 412
Pedestrian 0.574282 785 404 792 421
Car 0.976477 691 410 717 456
Pedestrian 0.435813 875 485 882 501
Van 0.808876 804 480 829 526
Car 0.986947 719 601 746 655
Car 0.897107 99 721 140 787
Car 0.973671 599 717 630 780
Pedestrian 0.798841 244 753 255 772
