Bus 0.915894 210 1 368 64
Bus 0.996146 317 69 478 139
Pedestrian 0.723197 1061 0 1073 13
Bus 0.842536 392 -3 536 39
Car 0.974413 977 191 1057 228
Bus 0.493216 1359 168 1401 233
Pedestrian 0.336520 388 223 401 245
Bus 0.880525 914 348 1060 406
Car 0.995545 716 392 793 434
Car 0.996771 493 425 576 467
Car 0.993907 1241 467 1325 507
Car 0.988060 406 488 487 532
Car 0.988256 985 500 1064 543
Car 0.930122 91 515 171 561
Car 0.891503 293 568 367 629
Car 0.992608 1125 622 1208 667
Car 0.935780 567 641 656 708
Car 0.994159 992 651 1074 704
Car 0.981084 887 717 966 773
Car 0.822811 933 758 1016 789
