Car 0.995755 90 454 179 571
Car 0.997085 767 631 920 719
Car 0.945871 7 691 141 822
Car 0.993004 68 726 228 852
Car 0.393540 1363 0 1398 14
Van 0.921938 1125 226 1236 287
Car 0.438856 1120 276 1230 336
Pedestrian 0.860282 1054 324 1075 356
Pedestrian 0.721665 1049 332 1071 368
Pedestrian 0.256359 1042 349 1062 381
Motor 0.420841 1089 387 1112 424
Motor 0.407369 1202 397 1240 440
Pedestrian 0.997091 1082 455 1106 488
Pedestrian 0.890185 975 512 997 545
Car 0.992124 577 597 727 667
Car 0.994829 1174 682 1335 756
Motor 0.370953 953 790 994 819
Pedestrian 0.297482 960 903 984 931
