Bus 0.926942 702 176 794 372
Car 0.582114 156 669 337 859
Car 0.951617 0 704 113 894
Car 0.785412 1092 709 1202 875
Van 0.265564 540 2 578 23
Car 0.579634 705 1 736 19
Car 0.266749 715 0 746 10
Pedestrian 0.495652 807 1 816 16
Pedestrian 0.396896 902 0 909 11
Car 0.715951 925 -1 947 13
Car 0.528329 963 1 982 21
Van 0.394297 694 9 730 44
Car 0.500020 725 15 757 50
Car 0.942701 926 20 952 48
Car 0.302887 964 14 985 41
Pedestrian 0.258917 727 35 742 68
Car 0.464771 965 27 990 69
Car 0.816441 743 43 777 80
Truck 0.227542 643 67 690 126
Car 0.851578 692 61 727 105
Car 0.824771 936 83 974 127
Car 0.247822 984 89 1018 128
Pedestrian 0.332313 441 122 454 147
Motor 0.669527 454 123 475 144
Car 0.565445 986 111 1023 150
Car 0.884968 573 128 619 170
Car 0.938547 623 123 670 172
Car 0.929333 987 155 1031 197
Car 0.873513 942 185 988 236
Car 0.466907 1000 194 1039 243
Car 0.983544 470 202 574 252
Pedestrian 0.271416 564 219 578 258
Car 0.784594 246 223 362 265
Car 0.937965 1009 250 1061 304
Pedestrian 0.739874 558 298 575 336
Car 0.956814 325 309 459 367
Car 0.980123 1010 313 1066 379
Pedestrian 0.241265 25 453 54 493
Car 0.954619 1049 454 1122 545
Car 0.780139 1156 963 1288 1052
