Motor 0.203889 533 16 544 31
Car 0.953164 31 161 75 203
Car 0.931680 1114 211 1174 241
Car 0.796394 52 231 121 262
Car 0.945894 686 263 725 308
Bike 0.537068 847 270 869 286
Pedestrian 0.240881 1673 267 1690 291
Bike 0.625711 269 374 286 391
Pedestrian 0.291443 297 373 311 390
Pedestrian 0.241663 1745 390 1761 415
Pedestrian 0.264720 1731 406 1746 430
Motor 0.235143 115 449 137 467
Car 0.865013 1104 475 1185 516
Pedestrian 0.216012 48 541 67 561
Car 0.980247 1110 616 1194 663
Car 0.217462 1888 618 1915 658
Pedestrian 0.233679 -2 643 8 668
Car 0.803401 1107 731 1191 767
Pedestrian 0.216331 13 797 40 829
Car 0.611618 1824 815 1902 876
Car 0.871651 91 1016 172 1075
