Car 0.448565 707 19 716 28
Car 0.283947 727 65 736 74
Car 0.616685 705 73 715 83
Car 0.463252 755 81 765 90
Car 0.464359 813 81 823 91
Car 0.622722 710 95 720 105
Car 0.815080 732 94 742 103
Car 0.861952 781 95 790 106
Car 0.567761 817 92 826 103
Car 0.217626 783 108 792 119
Car 0.383831 821 108 830 119
Car 0.737004 715 128 725 139
Car 0.326624 822 119 830 131
Car 0.353878 842 122 850 133
Car 0.904873 795 133 804 144
Car 0.788956 841 141 850 153
Car 0.818395 717 149 727 161
Car 0.597398 846 154 856 167
Car 0.715766 701 172 711 185
Car 0.566852 842 165 853 180
Car 0.445831 713 179 722 191
Car 0.475201 846 182 860 201
Car 0.930128 792 198 802 210
Car 0.247178 867 195 874 205
Car 0.716001 684 217 696 231
Car 0.753789 714 212 724 227
Car 0.568707 871 217 883 231
Car 0.844473 814 221 826 238
Car 0.879114 865 226 877 240
Car 0.544907 878 242 893 259
Car 0.677921 814 278 825 294
Car 0.328085 894 270 908 290
Car 0.780161 807 282 819 298
Car 0.938696 897 287 911 306
Car 0.932661 689 304 702 319
Car 0.972578 795 301 807 318
Truck 0.385631 892 311 913 339
Truck 0.284337 914 311 938 341
Car 0.234316 843 358 855 375
Car 0.844825 680 371 692 390
Bus 0.648331 883 367 902 405
Car 0.978899 937 386 957 408
Car 0.221354 683 423 698 439
Car 0.982218 858 446 876 472
Car 0.798916 931 455 949 480
Car 0.530172 974 466 1001 484
Van 0.355547 869 507 881 536
Car 0.644234 822 516 839 551
Car 0.394922 841 514 858 550
Car 0.881681 973 541 996 569
Car 0.628417 925 556 943 584
Car 0.734990 880 558 903 593
Car 0.469880 1004 573 1025 602
Bus 0.336433 1053 695 1110 780
