Bus 0.844381 1002 808 1297 1055
Car 0.985903 93 232 210 337
Car 0.993189 212 246 301 347
Car 0.991304 300 240 387 351
Van 0.991944 390 227 471 351
Car 0.976194 632 276 712 426
Car 0.993305 1014 317 1095 432
Car 0.987780 469 422 597 617
Car 0.988809 217 482 347 608
Car 0.988788 1023 463 1125 596
Car 0.713647 4 631 138 766
Car 0.988032 145 622 313 822
Car 0.614663 358 0 431 22
Pedestrian 0.376737 608 0 623 30
Pedestrian 0.640276 616 2 631 42
Car 0.705811 707 3 765 58
Car 0.930747 541 18 584 74
Car 0.666383 448 28 511 101
Car 0.771297 515 55 565 119
Car 0.903747 962 66 1011 132
Car 0.952125 413 69 475 139
Car 0.982462 475 96 535 182
Car 0.531815 991 168 1041 246
Motor 0.231363 48 229 100 281
Car 0.961515 990 232 1067 310
