Car 0.424887 1210 -1 1258 35
Car 0.775022 1330 0 1378 11
Pedestrian 0.654988 627 12 644 36
Pedestrian 0.462525 641 16 656 39
Pedestrian 0.657040 905 40 920 61
Motor 0.906194 1099 34 1118 64
Motor 0.863070 1127 58 1146 85
Van 0.735977 1266 35 1313 121
Pedestrian 0.904114 1000 120 1017 147
Motor 0.854329 656 141 683 160
Pedestrian 0.747725 923 140 947 162
Pedestrian 0.273793 935 138 953 158
Pedestrian 0.541705 827 153 851 172
Pedestrian 0.605578 977 173 991 199
Motor 0.790438 1089 183 1112 209
Car 0.813120 1371 234 1399 314
Car 0.971576 50 268 143 319
Car 0.960674 1236 243 1290 333
Car 0.976825 210 302 309 357
Car 0.996870 90 346 190 396
Car 0.996633 355 338 449 391
Car 0.991190 230 374 329 429
Car 0.955917 1159 337 1215 437
Car 0.997825 550 390 645 438
Car 0.967394 379 416 485 468
Car 0.996305 699 421 791 474
Motor 0.975861 1031 440 1050 467
Car 0.994530 535 450 632 503
Pedestrian 0.871122 919 464 933 480
Motor 0.965897 1080 478 1101 509
Car 0.998435 686 484 792 539
Pedestrian 0.477671 761 566 776 579
Pedestrian 0.616239 1060 557 1080 580
Pedestrian 0.443489 99 579 120 599
Pedestrian 0.883004 757 582 776 598
Pedestrian 0.284341 739 611 762 628
Pedestrian 0.932666 844 633 865 648
Motor 0.796087 1032 614 1049 642
Car 0.980627 1147 589 1198 686
Pedestrian 0.936025 818 663 838 680
Car 0.955260 1334 643 1389 742
Motor 0.736018 958 719 975 743
Motor 0.947841 1005 729 1025 753
Car 0.296508 1379 657 1397 809
Pedestrian 0.249222 723 765 737 782
Motor 0.878676 1032 784 1050 807
Pedestrian 0.270781 795 846 810 864
Pedestrian 0.657077 822 881 837 902
Pedestrian 0.899560 968 966 984 995
Car 0.739235 1225 1030 1286 1050
