Car 0.718835 624 15 644 40
Car 0.986890 471 28 491 47
Car 0.995328 504 82 528 106
Bus 0.985838 1133 204 1253 255
Car 0.990349 655 247 677 280
Car 0.885951 607 330 628 361
Car 0.892022 753 317 774 360
Car 0.988950 644 384 666 416
Car 0.791649 679 381 700 418
Car 0.962087 780 427 801 466
Truck 0.553953 195 533 261 570
Car 0.843336 687 533 710 583
Car 0.997117 654 671 680 731
Van 0.653270 154 718 234 753
Car 0.957029 598 712 628 769
Car 0.757097 891 723 922 789
Van 0.508540 142 752 211 786
Car 0.814662 682 735 712 788
