Van 0.405416 905 316 1001 419
Car 0.995667 946 488 1127 570
Car 0.989614 1076 650 1310 786
Car 0.481686 663 979 914 1045
Car 0.263528 665 2 714 27
Car 0.389969 769 1 820 9
Car 0.454272 792 2 848 15
Car 0.273096 852 2 891 16
Car 0.308981 905 10 947 44
Car 0.780049 627 26 675 64
Car 0.400630 795 26 843 61
Van 0.289269 503 55 584 97
Car 0.466990 572 56 627 100
Car 0.336750 1 72 24 110
Car 0.387394 13 75 65 108
Car 0.666002 610 78 671 120
Car 0.773162 763 65 825 115
Car 0.275835 2 90 25 128
Car 0.498688 517 85 579 129
Car 0.930482 128 114 222 155
Car 0.923331 529 103 611 155
Car 0.809952 619 113 684 159
Car 0.761300 99 138 183 177
Van 0.595148 280 125 347 181
Pedestrian 0.625296 420 133 435 169
Car 0.913362 672 123 755 170
Car 0.404821 78 150 161 194
Car 0.602686 167 150 250 198
Car 0.778134 134 182 215 228
Car 0.954303 214 192 302 238
Car 0.963098 570 175 658 239
Car 0.862414 446 193 545 254
Car 0.917078 80 232 175 284
Car 0.980118 727 279 818 345
Pedestrian 0.942691 781 407 807 450
Pedestrian 0.203790 898 708 924 757
Bike 0.335837 442 934 531 981
