Car 0.902906 588 82 678 183
Car 0.958735 440 289 503 423
Truck 0.684613 821 241 885 457
Car 0.967056 535 337 597 479
Car 0.901537 709 349 779 482
Car 0.884564 989 412 1068 552
Van 0.742095 509 483 577 639
Van 0.575091 714 500 785 654
Van 0.940971 411 609 481 820
Car 0.984298 489 664 557 852
Van 0.983911 718 694 781 876
Van 0.561950 466 900 547 1048
Pedestrian 0.824762 622 0 639 25
Car 0.862520 710 9 760 103
Car 0.831577 131 36 262 102
Car 0.868671 1023 37 1143 99
Car 0.648572 1180 51 1281 102
Car 0.392178 974 81 1096 138
Pedestrian 0.208080 779 120 803 150
Car 0.232620 1116 95 1221 156
Pedestrian 0.397306 864 134 883 169
Pedestrian 0.515770 910 130 934 165
Pedestrian 0.505859 685 147 708 189
Pedestrian 0.297252 1032 153 1057 187
Pedestrian 0.762755 411 178 432 208
Pedestrian 0.288563 976 169 998 207
Pedestrian 0.271620 1000 172 1023 209
Car 0.219282 1040 164 1150 225
Pedestrian 0.321807 531 195 546 239
Pedestrian 0.331999 689 195 706 231
Pedestrian 0.387048 721 186 737 229
Pedestrian 0.497315 901 196 923 234
Pedestrian 0.231603 908 187 929 225
Pedestrian 0.568060 967 197 989 236
Pedestrian 0.543157 999 190 1023 234
Pedestrian 0.203786 403 224 421 253
Pedestrian 0.892942 432 218 452 251
Pedestrian 0.626468 698 213 716 246
Pedestrian 0.569332 896 210 915 246
Pedestrian 0.220568 935 205 959 249
Pedestrian 0.696914 363 231 383 263
Pedestrian 0.886577 406 231 426 268
Pedestrian 0.579052 704 236 722 276
Pedestrian 0.223360 1017 230 1041 271
Pedestrian 0.601763 572 258 593 294
Pedestrian 0.236713 584 260 608 294
Pedestrian 0.247460 764 250 782 293
Pedestrian 0.331916 1014 250 1038 290
Tricycle 0.209456 576 256 620 317
Pedestrian 0.289222 388 290 409 328
Pedestrian 0.282578 395 306 414 349
Van 0.888701 626 289 683 391
Motor 0.348347 502 318 540 389
Pedestrian 0.691364 934 328 954 362
Pedestrian 0.800066 446 528 476 567
Motor 0.435792 352 547 387 616
Pedestrian 0.522658 853 573 877 601
Bike 0.559103 1003 602 1060 625
Pedestrian 0.962536 949 658 971 693
Pedestrian 0.368870 326 732 353 775
Pedestrian 0.236205 832 747 865 780
Pedestrian 0.666619 906 749 935 780
Bike 0.559997 1059 972 1125 999
Car 0.929664 724 979 808 1048
