Motor 0.521898 327 292 338 304
Car 0.357025 790 319 808 342
Car 0.468656 800 318 819 342
Car 0.795944 763 329 783 353
Car 0.843322 781 323 801 348
Car 0.869882 702 344 722 370
Car 0.889723 724 339 745 363
Car 0.544120 674 352 696 380
Car 0.779799 595 377 617 401
Van 0.476686 634 367 654 391
Van 0.640832 545 388 565 418
Van 0.204250 557 387 578 415
Van 0.204153 819 392 842 417
Van 0.354373 468 407 491 435
Car 0.789558 732 399 755 424
Van 0.454275 456 415 477 445
Car 0.679310 694 412 720 438
Car 0.540522 596 439 616 467
Car 0.383567 552 452 572 478
Car 0.763244 565 449 588 477
Car 0.649439 902 451 937 483
Car 0.949686 625 460 650 492
Car 0.890234 648 452 672 487
Car 0.954162 883 456 913 491
Truck 0.432106 522 473 544 517
Car 0.556231 763 498 786 527
Car 0.608519 355 509 391 534
Car 0.904667 725 509 748 542
Car 0.512453 473 520 503 544
Car 0.913842 698 517 725 551
Car 0.720254 659 530 682 563
Car 0.812912 549 569 569 603
Car 0.718074 563 557 587 596
Car 0.780247 516 574 538 614
