Bus 0.960724 1135 195 1201 330
Bus 0.873622 1119 350 1190 484
Car 0.791391 1278 627 1360 717
Car 0.872984 976 14 998 40
Car 0.288274 1043 12 1061 28
Car 0.816602 904 25 921 54
Car 0.626686 955 47 976 82
Car 0.888162 1040 54 1063 84
Car 0.985456 1069 56 1089 83
Car 0.962067 804 72 825 98
Pedestrian 0.544622 736 91 744 104
Car 0.988603 1068 100 1091 130
Car 0.969076 905 125 930 157
Car 0.970193 1079 142 1105 182
Car 0.953555 799 180 828 216
Bus 0.778666 988 182 1020 237
Car 0.922966 900 199 928 236
Car 0.940739 1091 213 1118 250
Van 0.869043 1045 242 1074 294
Car 0.868742 1086 270 1118 316
Car 0.980908 893 289 929 335
Car 0.949545 761 308 794 351
Car 0.992963 941 335 975 387
Car 0.485725 726 413 764 458
Van 0.926138 1005 441 1045 525
Car 0.816239 185 507 229 572
Car 0.892809 574 579 657 644
Car 0.705088 311 606 402 647
