Bus 0.590048 110 315 350 395
Car 0.992401 834 482 918 566
Car 0.828876 113 538 230 625
Car 0.344068 571 175 592 185
Car 0.371595 679 172 695 181
Car 0.807047 727 173 743 182
Car 0.441621 593 184 606 194
Car 0.476861 592 193 609 206
Truck 0.672285 753 196 775 218
Car 0.626394 580 205 598 218
Car 0.989956 652 207 674 223
Pedestrian 0.543572 845 212 851 224
Car 0.481256 405 228 432 246
Car 0.619060 466 230 488 245
Car 0.824639 485 226 507 240
Car 0.922170 562 225 584 243
Car 0.858282 685 223 708 242
Pedestrian 0.404143 921 226 927 240
Car 0.874939 494 240 518 257
Car 0.730778 508 236 531 252
Car 0.974990 643 234 668 255
Car 0.364603 685 238 707 258
Pedestrian 0.253175 933 243 939 257
Pedestrian 0.232133 946 243 953 258
Car 0.981760 778 258 806 284
Car 0.987123 533 271 561 294
Car 0.994375 769 303 803 338
Car 0.968583 500 322 542 356
Pedestrian 0.295651 50 372 62 393
Car 0.951541 327 391 396 442
Car 0.991032 690 406 738 456
Car 0.987327 605 421 655 472
Car 0.994998 411 435 481 488
