Van 0.332813 709 792 852 882
Car 0.987032 952 755 1057 888
Truck 0.237719 713 812 973 1010
Pedestrian 0.730556 307 9 313 22
Car 0.595517 407 0 430 11
Pedestrian 0.548481 316 49 323 62
Car 0.559675 401 44 437 59
Pedestrian 0.914030 283 69 289 81
Pedestrian 0.241611 83 85 93 105
Car 0.695470 413 83 456 102
Pedestrian 0.572750 495 77 502 92
Car 0.857362 428 95 468 115
Truck 0.575936 343 117 373 155
Car 0.844626 427 126 471 148
Pedestrian 0.800098 327 152 334 166
Motor 0.375496 328 155 336 170
Pedestrian 0.293555 622 179 632 198
Pedestrian 0.912160 607 208 617 225
Pedestrian 0.270227 656 225 664 245
Pedestrian 0.933903 626 242 635 263
Pedestrian 0.969112 687 361 699 381
Pedestrian 0.420249 658 381 670 403
Pedestrian 0.887441 715 373 727 398
Truck 0.966416 247 341 305 466
Van 0.546667 481 435 569 475
Car 0.983778 415 559 466 641
Bike 0.212490 1045 704 1079 732
Pedestrian 0.225507 1074 707 1100 735
Motor 0.283473 1008 713 1028 749
Motor 0.262527 1033 714 1056 750
Pedestrian 0.245383 1074 720 1097 748
Motor 0.790226 995 740 1019 777
Pedestrian 0.937833 1055 736 1076 772
Pedestrian 0.445015 1083 738 1107 771
Pedestrian 0.444354 1097 737 1120 773
Pedestrian 0.944612 737 756 753 785
Motor 0.391627 1051 773 1080 817
Bike 0.395111 1080 791 1106 837
Motor 0.512867 1124 864 1173 901
Motor 0.617944 1174 855 1225 889
Pedestrian 0.942235 1099 889 1123 921
Motor 0.744859 1190 875 1243 908
Pedestrian 0.831869 1152 901 1180 934
Motor 0.486483 1210 897 1261 929
Pedestrian 0.946142 1132 923 1160 961
Pedestrian 0.427598 1175 923 1200 963
Motor 0.619285 1256 941 1299 976
Motor 0.354425 1265 964 1307 999
Motor 0.623945 1221 976 1278 1034
