Bus 0.832492 751 191 811 296
Pedestrian 0.532894 743 0 751 12
Pedestrian 0.393080 759 0 767 10
Pedestrian 0.355200 1080 1 1089 7
Pedestrian 0.263832 1097 20 1104 36
Pedestrian 0.353524 1098 25 1104 40
Pedestrian 0.655241 1092 46 1099 61
Pedestrian 0.510866 1105 46 1112 62
Pedestrian 0.220397 1093 55 1100 71
Pedestrian 0.870792 1105 55 1112 73
Pedestrian 0.549271 1122 90 1130 110
Pedestrian 0.763519 1136 90 1144 111
Pedestrian 0.246458 1119 98 1128 119
Pedestrian 0.209170 1136 99 1145 119
Pedestrian 0.215684 682 307 692 323
Pedestrian 0.709036 682 314 694 334
Pedestrian 0.464691 546 559 558 576
Pedestrian 0.215902 193 640 219 658
Pedestrian 0.781437 472 660 487 690
Pedestrian 0.901185 456 676 469 699
Pedestrian 0.300284 404 694 425 715
Pedestrian 0.891198 497 704 512 732
Pedestrian 0.885301 442 770 460 786
