Pedestrian 0.503903 282 3 290 15
Pedestrian 0.270824 713 2 720 14
Pedestrian 0.279974 280 12 288 25
Pedestrian 0.583850 356 16 364 29
Pedestrian 0.246266 554 13 561 25
Pedestrian 0.492537 656 23 663 35
Pedestrian 0.322670 793 14 799 27
Pedestrian 0.513463 282 35 290 46
Pedestrian 0.763740 302 31 310 42
Pedestrian 0.305233 775 28 781 41
Pedestrian 0.855157 782 30 789 44
Car 0.673233 639 47 675 70
Pedestrian 0.625334 295 61 303 73
Pedestrian 0.215104 375 68 382 80
Pedestrian 0.271593 466 62 473 74
Pedestrian 0.489947 728 65 735 77
Pedestrian 0.200131 927 58 934 72
Pedestrian 0.357647 469 82 476 94
Pedestrian 0.700976 489 80 496 92
Pedestrian 0.785848 640 75 648 87
Pedestrian 0.455416 279 98 289 109
Pedestrian 0.662319 396 91 404 104
Pedestrian 0.897092 414 92 421 105
Pedestrian 0.325023 443 98 450 110
Pedestrian 0.888844 468 88 475 101
Pedestrian 0.254401 273 102 282 114
Pedestrian 0.770918 443 103 451 118
Pedestrian 0.355270 989 106 998 121
Pedestrian 0.836361 280 123 288 136
Pedestrian 0.209200 608 132 615 144
Pedestrian 0.477872 1058 141 1067 153
Pedestrian 0.701556 411 157 420 170
Pedestrian 0.598478 550 151 558 164
Pedestrian 0.364720 1106 147 1116 164
Pedestrian 0.477823 511 174 519 186
Pedestrian 0.661370 541 168 549 179
Pedestrian 0.628200 612 169 620 181
Pedestrian 0.404057 652 166 660 178
Pedestrian 0.245880 498 187 505 197
Pedestrian 0.816052 660 185 668 196
Pedestrian 0.671172 674 185 682 196
Car 0.909943 1343 178 1397 210
Pedestrian 0.528223 604 198 612 208
Pedestrian 0.450348 661 197 669 207
Pedestrian 0.461883 671 198 679 209
Pedestrian 0.895829 279 215 288 226
Pedestrian 0.211978 554 210 563 220
Pedestrian 0.336565 644 211 652 221
Pedestrian 0.208364 769 219 777 229
Pedestrian 0.597263 287 228 296 242
Pedestrian 0.402150 148 249 158 260
Car 0.606358 665 243 701 267
Pedestrian 0.211791 797 247 805 257
Pedestrian 0.292806 851 242 859 252
Pedestrian 0.253481 1060 241 1071 252
Pedestrian 0.940381 1104 244 1116 259
Pedestrian 0.375165 145 254 155 264
Pedestrian 0.663546 171 263 183 272
Pedestrian 0.785360 240 262 252 275
Van 0.821846 523 239 587 282
Pedestrian 0.201781 771 266 779 275
Pedestrian 0.312928 786 254 794 265
Pedestrian 0.353412 864 262 872 272
Pedestrian 0.498007 1173 261 1185 276
Pedestrian 0.428894 289 274 299 285
Pedestrian 0.440551 301 270 312 282
Car 0.283847 316 257 354 313
Van 0.471973 554 285 613 324
Van 0.854578 652 282 719 327
Pedestrian 0.602991 953 307 963 317
Pedestrian 0.712639 872 321 883 332
Pedestrian 0.778584 1117 319 1128 332
Pedestrian 0.254551 0 338 7 347
Pedestrian 0.275836 611 332 620 345
Van 0.800859 663 322 726 363
Car 0.323544 790 325 822 362
Pedestrian 0.717219 832 328 841 341
Pedestrian 0.202945 904 332 914 343
Pedestrian 0.240075 927 335 938 345
Pedestrian 0.378308 939 335 948 346
Pedestrian 0.581557 1197 337 1208 347
Pedestrian 0.880252 845 353 854 364
Pedestrian 0.678933 977 351 987 362
Pedestrian 0.368335 197 372 206 381
Pedestrian 0.482014 225 360 234 370
Van 0.494280 252 363 288 403
Car 0.350173 347 373 395 404
Pedestrian 0.626659 1218 382 1229 394
Pedestrian 0.479689 222 394 230 403
Van 0.412199 817 375 843 417
Car 0.348159 337 396 383 428
Pedestrian 0.472044 86 428 95 436
Pedestrian 0.216337 194 432 203 440
Van 0.360039 230 410 261 446
Pedestrian 0.348939 175 444 184 453
Van 0.336285 319 433 363 464
Van 0.701209 806 424 836 467
Pedestrian 0.752469 143 472 153 482
Van 0.310253 424 462 461 490
Pedestrian 0.785697 114 491 125 500
Pedestrian 0.638055 140 488 150 499
Car 0.601269 468 473 509 502
Car 0.758323 788 469 823 517
Van 0.465456 186 482 222 520
Pedestrian 0.453210 1346 520 1364 532
Pedestrian 0.232545 120 536 130 544
Pedestrian 0.292101 1331 533 1348 545
Pedestrian 0.321316 1349 531 1369 543
Pedestrian 0.282162 5 548 17 561
Pedestrian 0.374731 116 547 126 557
Car 0.287733 159 526 198 574
Van 0.283238 390 538 432 566
Pedestrian 0.322218 1352 543 1369 555
Van 0.421240 378 558 417 586
Pedestrian 0.295763 30 578 42 589
Pedestrian 0.375300 57 581 71 592
Van 0.379205 373 581 410 607
Car 0.278077 146 585 180 634
Van 0.336687 348 646 378 669
Car 0.652934 744 653 779 700
Pedestrian 0.313112 771 695 784 713
Car 0.676877 730 706 760 752
Car 0.611734 674 752 717 787
Van 0.451956 720 770 754 787
