Car 0.289697 2 4 20 18
Car 0.929667 1501 286 1548 309
Van 0.966529 900 367 962 399
Car 0.355995 214 392 251 432
Car 0.886574 839 441 884 479
Car 0.977425 1010 448 1071 485
Car 0.456269 1048 464 1095 498
Pedestrian 0.310657 924 502 938 521
Car 0.918880 301 509 379 557
Car 0.913255 953 511 1005 559
Car 0.907676 1070 500 1129 539
Car 0.872567 328 555 400 594
Car 0.360323 326 593 419 626
Car 0.447101 330 610 423 644
Car 0.742132 335 632 413 666
Car 0.732176 1089 643 1167 688
Pedestrian 0.671086 1089 704 1102 732
Motor 0.479228 1146 706 1165 732
Car 0.781069 870 752 925 830
Car 0.975403 988 785 1049 860
Car 0.546696 1184 816 1290 874
Car 0.937286 1218 853 1308 910
Motor 0.433335 1262 948 1290 982
Pedestrian 0.922138 1262 987 1280 1019
Car 0.892354 874 963 939 1075
Car 0.979287 1077 980 1153 1074
Car 0.924174 1287 1023 1401 1079
