Car 0.840720 792 243 858 366
Car 0.982723 1001 289 1076 409
Car 0.995492 882 433 967 584
Car 0.988468 800 478 871 631
Car 0.946633 601 608 667 791
Car 0.993872 821 687 909 860
Van 0.943018 851 934 944 1045
Car 0.255754 582 0 619 26
Pedestrian 0.624816 739 2 754 26
Car 0.537403 812 -1 872 7
Car 0.990885 764 8 818 102
Car 0.991091 952 20 1016 107
Van 0.990394 599 61 659 172
Van 0.931416 683 39 735 172
Car 0.997582 839 104 900 198
Car 0.917761 776 118 831 236
Car 0.995908 419 238 565 303
Pedestrian 0.244812 451 483 470 515
Van 0.920184 728 423 783 557
Pedestrian 0.225540 442 520 464 551
Pedestrian 0.219963 450 517 471 549
Motor 0.369407 571 516 599 560
Motor 0.733243 1120 584 1166 642
Motor 0.636339 557 856 599 938
Pedestrian 0.296099 389 954 413 997
