Truck 0.841501 203 531 371 651
Car 0.922031 314 945 460 1052
Car 0.327999 1 1 43 21
Car 0.323494 1881 1 1915 8
Car 0.258858 1 5 46 46
Car 0.775920 1489 31 1548 73
Car 0.219313 444 63 520 111
Car 0.767910 1498 88 1563 132
Car 0.630781 1 134 64 187
Van 0.952069 1166 162 1240 221
Truck 0.935135 996 200 1144 281
Car 0.296800 2 249 43 279
Car 0.207957 1412 276 1473 337
Van 0.680134 1178 293 1270 354
Car 0.993376 1325 319 1406 381
Car 0.994750 1516 305 1596 368
Car 0.943934 762 335 862 397
Car 0.813990 633 393 727 457
Car 0.258849 1125 420 1202 477
Car 0.701333 518 441 615 506
Pedestrian 0.326939 26 479 42 507
Awning-tricycle 0.638540 1038 469 1111 534
Pedestrian 0.854002 1347 498 1367 520
Car 0.902799 407 490 509 562
Van 0.838112 859 477 990 572
Car 0.832983 914 529 1013 605
Van 0.944150 754 568 837 641
Van 0.395238 79 628 180 714
Van 0.821303 721 632 807 700
Tricycle 0.284629 329 687 384 756
Car 0.461848 -2 705 18 763
Pedestrian 0.490731 338 718 360 748
Pedestrian 0.229087 340 742 362 768
Car 0.620123 488 738 587 829
Van 0.892170 149 854 304 943
Awning-tricycle 0.273293 212 892 343 961
Car 0.745268 -1 954 83 1050
