Car 0.235412 34 77 46 84
Car 0.223421 55 78 69 84
Bus 0.252662 409 72 433 85
Car 0.288623 528 91 542 99
Car 0.884917 544 94 558 102
Car 0.434786 567 98 581 106
Car 0.477752 553 104 566 112
Car 0.832229 606 107 619 117
Car 0.625669 618 107 632 116
Car 0.215222 600 116 614 127
Car 0.964920 635 123 648 134
Car 0.505632 653 124 665 134
Car 0.326460 627 132 640 144
Car 0.247145 665 138 677 148
Car 0.697245 668 134 682 144
Car 0.489098 717 137 732 149
Car 0.748087 719 140 738 153
Car 0.960906 659 151 672 163
Car 0.816917 693 149 709 162
Car 0.912174 676 169 692 183
Car 0.327901 720 175 741 192
Car 0.746148 699 193 717 211
Car 0.979799 753 211 770 228
Car 0.744369 502 246 522 266
Car 0.367867 700 258 719 280
Car 0.456600 241 320 275 341
Car 0.998175 760 313 777 333
Car 0.201209 -1 329 19 345
Car 0.367731 268 329 302 349
Car 0.995546 839 327 861 352
Car 0.790831 808 334 829 363
Car 0.309497 208 362 247 382
Car 0.748508 634 358 662 379
Car 0.381035 233 372 269 391
Car 0.251688 206 386 238 402
Car 0.981360 416 391 437 412
Car 0.596760 286 425 328 442
Car 0.849695 280 438 323 456
Car 0.305001 278 454 320 472
Car 0.525883 267 467 316 486
Car 0.994997 697 488 724 518
Car 0.583687 39 584 88 625
Car 0.749294 0 607 19 650
Car 0.960116 855 643 896 716
