Car 0.317615 982 180 998 199
Car 0.513851 941 202 968 218
Car 0.633828 418 243 438 264
Car 0.593808 64 249 88 271
Car 0.333514 142 286 167 303
Car 0.973102 207 316 235 333
Car 0.732643 766 334 792 348
Car 0.365580 1165 334 1187 350
Car 0.269148 1215 332 1244 350
Car 0.721072 9 346 37 365
Truck 0.732839 1256 346 1310 369
Car 0.345791 249 355 281 375
Truck 0.422205 1327 354 1387 375
Car 0.801289 190 412 216 429
Car 0.207403 469 409 504 421
Truck 0.743448 541 402 592 422
Car 0.347571 197 417 222 437
Motor 0.601187 918 461 943 474
Car 0.817057 1298 457 1329 470
Car 0.507671 371 486 384 507
Car 0.245091 982 507 1003 528
Car 0.513057 807 662 828 685
Car 0.277646 1082 725 1103 757
Car 0.208157 1177 777 1219 786
