Car 0.899087 943 1 960 17
Car 0.202018 1229 0 1265 7
Car 0.370948 1379 24 1399 44
Van 0.666710 945 258 967 291
Car 0.890649 763 278 780 310
Car 0.969350 743 364 769 401
Van 0.510537 459 387 482 416
Van 0.714106 385 402 433 431
Van 0.675104 372 421 415 452
Van 0.448258 509 490 557 530
Van 0.890559 816 486 839 518
Car 0.627959 479 507 510 539
Car 0.674746 320 524 368 557
Car 0.437352 476 522 505 553
Car 0.891227 649 518 682 557
Car 0.941598 721 514 748 547
Van 0.550582 312 540 353 570
Car 0.548451 435 594 464 621
Truck 0.344635 441 648 497 698
Car 0.955066 589 673 615 711
Car 0.526944 432 691 462 720
Van 0.867199 406 710 441 740
Van 0.260154 398 720 431 750
Car 0.977858 718 714 745 750
Van 0.833663 392 729 423 761
Car 0.304024 388 775 411 786
Car 0.542625 504 774 530 788
Car 0.430852 746 767 765 786
