Car 0.442479 81 7 119 34
Car 0.965160 599 170 616 204
Pedestrian 0.290732 709 180 716 189
Car 0.986514 1144 218 1185 243
Bus 0.821857 1176 210 1277 269
Bus 0.946414 1013 278 1097 331
Car 0.647044 1246 313 1292 340
Car 0.994703 598 337 614 373
Car 0.315153 424 355 449 388
Bus 0.657079 1083 352 1148 393
Car 0.970477 1230 376 1266 402
Truck 0.905827 779 395 871 448
Car 0.781125 890 415 925 438
Car 0.802312 819 432 860 455
Car 0.512733 929 430 965 453
Car 0.273024 818 456 841 479
Car 0.992680 1077 448 1111 475
Car 0.928703 570 465 589 513
Van 0.727982 909 484 942 510
Car 0.993273 972 480 1003 505
Car 0.988233 903 540 938 564
Bus 0.363942 721 552 775 594
Car 0.935399 476 573 511 599
Truck 0.238406 722 574 774 621
Car 0.569907 118 624 158 644
Car 0.419663 174 617 219 638
Car 0.923866 849 621 878 641
Car 0.384851 67 627 102 647
Car 0.931273 923 625 957 652
Bus 0.658098 537 642 599 686
Car 0.424989 283 671 331 695
Car 0.253070 405 683 468 721
Car 0.852021 981 688 1000 718
Car 0.256469 175 729 209 751
Car 0.763471 335 734 401 770
Car 0.718786 370 774 417 787
