Car 0.484805 676 0 737 21
Car 0.737574 673 15 736 47
Car 0.354930 1690 27 1779 62
Car 0.929535 1693 53 1779 89
Car 0.855156 1199 70 1266 108
Pedestrian 0.328418 229 372 249 399
Motor 0.590728 205 412 227 444
Motor 0.309156 212 409 237 440
Motor 0.590802 267 411 293 441
Motor 0.538705 297 412 322 444
Motor 0.469759 238 432 262 463
Motor 0.545628 825 436 841 461
Pedestrian 0.288195 1299 467 1323 492
Motor 0.468224 142 514 180 543
Motor 0.392376 685 512 724 533
Awning-tricycle 0.452495 1308 505 1393 553
Car 0.978539 1455 507 1571 560
Tricycle 0.371322 7 538 74 571
Tricycle 0.402615 70 531 126 575
Car 0.924441 1708 526 1822 572
Car 0.988223 147 557 258 608
Car 0.992407 280 554 386 610
Car 0.995821 403 566 509 616
Car 0.989495 620 572 739 618
Car 0.996814 899 583 1008 633
Car 0.996547 1024 594 1142 643
Car 0.998176 689 596 803 663
Car 0.998624 1154 606 1260 657
Car 0.995655 1344 608 1451 655
Car 0.991417 1477 611 1592 659
Car 0.958765 1602 614 1723 665
Truck 0.296169 -4 607 41 692
Car 0.931669 1786 623 1904 675
Car 0.995160 292 668 414 724
Car 0.998680 1005 687 1135 742
Van 0.985269 1722 728 1862 785
Car 0.282643 9 856 121 910
Car 0.817548 653 876 770 933
Car 0.944570 808 885 935 946
Car 0.891964 981 887 1068 940
Car 0.916562 1179 891 1300 946
Car 0.910579 1493 913 1622 972
