Car 0.292956 811 33 828 42
Van 0.347990 675 42 694 53
Car 0.704622 786 53 804 63
Car 0.441805 859 42 876 51
Car 0.274602 779 64 796 74
Car 0.485562 558 92 579 104
Van 0.313860 923 78 950 92
Car 0.503075 389 108 410 120
Car 0.314409 565 102 585 114
Car 0.245316 586 104 606 115
Car 0.737316 553 133 574 148
Car 0.708751 533 148 552 161
Car 0.324686 932 154 953 167
Car 0.509525 930 163 949 175
Car 0.937814 924 197 949 211
Van 0.385934 667 254 691 279
Bus 0.891273 398 257 455 316
Car 0.665643 928 282 964 301
Car 0.383723 931 317 977 339
Pedestrian 0.258184 996 310 1004 328
Car 0.869219 944 332 989 351
Car 0.852729 947 345 989 364
Pedestrian 0.283797 280 512 295 538
Van 0.588228 1034 640 1119 673
Van 0.884086 1049 673 1136 714
