Pedestrian 0.617450 837 106 852 124
Pedestrian 0.781607 835 129 852 146
Pedestrian 0.315549 825 138 838 152
Pedestrian 0.357576 1195 227 1210 246
Car 0.939561 1240 226 1327 261
Truck 0.228648 1272 279 1338 347
Pedestrian 0.985502 462 368 473 381
Pedestrian 0.726282 614 360 625 373
Pedestrian 0.276057 223 417 237 426
Pedestrian 0.911374 409 415 421 426
Pedestrian 0.269984 842 412 860 427
Pedestrian 0.439477 226 421 241 432
Pedestrian 0.893057 244 429 261 440
Pedestrian 0.309983 356 431 370 442
Pedestrian 0.972441 442 428 454 441
Pedestrian 0.979960 497 445 509 457
Pedestrian 0.975857 417 467 430 477
Pedestrian 0.939390 440 483 452 493
Pedestrian 0.296584 483 481 494 492
Car 0.725376 1232 455 1279 532
Pedestrian 0.950060 512 501 523 513
Pedestrian 0.945013 448 582 460 595
Car 0.701114 1304 583 1373 616
Pedestrian 0.445755 229 616 243 628
Pedestrian 0.456264 230 623 243 636
Car 0.858713 1215 600 1269 685
Pedestrian 0.284619 216 644 230 658
Pedestrian 0.286207 1171 645 1188 665
Pedestrian 0.342447 1178 644 1198 667
Pedestrian 0.591637 216 675 231 688
Pedestrian 0.991113 460 671 474 684
Pedestrian 0.848424 738 672 754 686
Pedestrian 0.952063 756 670 772 683
Pedestrian 0.636018 852 672 865 688
Pedestrian 0.355790 213 681 229 696
Pedestrian 0.759742 323 696 339 711
Pedestrian 0.619022 446 689 459 700
Pedestrian 0.693145 851 685 865 704
Pedestrian 0.575162 857 686 870 705
Pedestrian 0.273521 54 705 80 729
Pedestrian 0.692803 371 713 385 726
Pedestrian 0.986510 436 710 450 721
Pedestrian 0.772059 474 718 488 730
Pedestrian 0.868600 740 708 755 727
Pedestrian 0.839785 764 710 778 727
Pedestrian 0.609855 856 706 869 725
Pedestrian 0.754792 357 730 372 743
Pedestrian 0.219523 371 727 386 740
Pedestrian 0.831507 467 732 481 744
Pedestrian 0.393968 743 722 755 738
Pedestrian 0.261520 760 721 773 735
Pedestrian 0.743717 269 756 284 770
Pedestrian 0.926335 441 744 456 755
Pedestrian 0.528454 456 756 473 767
Pedestrian 0.762000 453 763 468 775
Pedestrian 0.929669 265 803 279 820
Pedestrian 0.384859 221 1010 239 1030
Pedestrian 0.572699 244 1012 259 1033
Pedestrian 0.442852 194 1027 212 1043
Pedestrian 0.381312 246 1029 259 1045
Van 0.226352 1151 1011 1186 1050
