Car 0.971899 865 116 927 148
Car 0.820827 300 185 373 224
Motor 0.771166 372 275 400 293
Car 0.990068 626 271 673 322
Van 0.742988 308 357 367 422
Van 0.917930 382 355 450 414
Car 0.927236 642 362 719 418
Car 0.997204 235 420 305 488
Truck 0.921517 958 398 1037 487
Truck 0.419042 674 420 791 499
Car 0.998644 1115 470 1174 543
Car 0.512802 0 503 26 552
Van 0.998034 910 489 982 571
Car 0.992248 1167 494 1227 566
Car 0.979569 1217 508 1277 585
Bus 0.795730 876 698 945 789
Car 0.944742 1053 690 1101 776
Car 0.935636 909 951 963 1071
