Car 0.223264 87 70 98 78
Car 0.221883 114 83 122 91
Car 0.525387 121 129 130 139
Car 0.313410 136 169 147 182
Car 0.283474 138 186 149 199
Car 0.704878 93 207 106 220
Car 0.231983 115 209 125 220
Car 0.286186 138 202 149 215
Car 0.602073 140 227 151 240
Car 0.569750 106 247 118 262
Car 0.882405 137 249 148 261
Car 0.851835 137 272 152 286
Car 0.917487 83 284 98 302
Car 0.765329 159 299 174 313
Car 0.821539 138 317 156 333
Car 0.685419 170 324 184 339
Car 0.974989 143 345 162 363
Car 0.892631 172 366 192 383
Car 0.869269 149 403 169 422
Car 0.742776 181 410 203 432
Car 0.368207 1310 405 1353 430
Car 0.560407 1387 399 1401 422
Car 0.229248 216 416 238 449
Car 0.559614 1315 420 1355 444
Car 0.703517 1365 423 1395 447
Car 0.725532 180 440 200 465
Pedestrian 0.306501 960 444 968 458
Car 0.954212 1208 443 1250 466
Car 0.697572 1306 438 1348 462
Car 0.320675 1329 433 1380 461
Car 0.300440 3 458 31 492
Car 0.825310 78 467 102 495
Car 0.845166 147 465 170 492
Pedestrian 0.260851 1010 471 1020 484
Car 0.738254 1232 469 1278 497
Car 0.774202 1265 456 1310 482
Car 0.785927 180 480 200 505
Car 0.235061 214 482 232 507
Pedestrian 0.550576 906 476 915 493
Pedestrian 0.773052 923 483 932 498
Car 0.873829 1045 479 1087 504
Car 0.836457 1197 484 1242 517
Car 0.797419 43 493 70 523
Car 0.623448 80 495 103 523
Car 0.735695 212 503 233 528
Car 0.571180 623 500 652 525
Pedestrian 0.599647 788 514 799 528
Car 0.886713 1076 504 1125 536
Car 0.910442 1157 502 1200 532
Car 0.407211 36 526 65 555
Car 0.579438 74 520 101 558
Car 0.864095 105 516 134 547
Car 0.806668 182 526 203 553
Car 0.320393 904 529 944 556
Van 0.517549 952 514 993 547
Car 0.583022 1011 515 1055 549
Car 0.888607 1112 520 1160 550
Pedestrian 0.212127 5 546 18 570
Car 0.614106 28 539 56 572
Car 0.325880 44 532 72 567
Car 0.444643 151 538 177 564
Car 0.451472 900 538 947 569
Car 0.663065 961 542 1004 573
Car 0.303413 1075 537 1120 563
Car 0.206734 1379 542 1399 571
Car 0.262796 27 553 60 589
Car 0.388322 59 560 93 599
Car 0.698999 105 551 137 588
Car 0.805819 210 555 237 585
Pedestrian 0.247675 513 571 523 591
Car 0.698459 532 560 584 591
Car 0.770553 577 568 626 595
Car 0.818928 786 567 835 599
Car 0.452916 837 553 889 587
Car 0.599742 902 556 950 588
Car 0.669264 980 560 1027 596
Car 0.365647 1020 551 1066 587
Car 0.246568 1330 561 1374 592
Car 0.616799 181 577 206 605
Pedestrian 0.495275 246 593 259 612
Car 0.848171 631 572 678 606
Car 0.899599 709 579 760 610
Car 0.412482 826 573 885 605
Car 0.571549 857 582 907 615
Car 0.262065 911 572 960 607
Pedestrian 0.222614 106 601 118 619
Car 0.465579 147 602 169 634
Motor 0.517831 241 599 261 617
Pedestrian 0.493978 464 611 475 630
Car 0.739925 552 594 603 624
Car 0.611489 645 597 693 630
Car 0.573281 774 597 833 627
Car 0.754758 794 603 852 638
Car 0.429644 874 604 923 640
Car 0.755332 928 588 971 625
Pedestrian 0.698072 468 620 479 642
Pedestrian 0.508702 481 622 492 643
Car 0.700926 554 621 604 655
Car 0.248145 660 617 701 652
Car 0.649059 717 612 766 646
Car 0.555631 812 620 867 655
Car 0.647887 179 627 211 667
Car 0.476740 575 633 634 676
Car 0.564132 667 633 717 669
Car 0.737794 741 628 798 665
Car 0.698998 129 649 163 687
Motor 0.465613 454 664 472 682
Van 0.579907 610 647 662 702
Car 0.256082 668 649 727 698
Car 0.673271 756 651 813 686
Car 0.643142 688 672 749 718
Pedestrian 0.365475 9 710 21 729
Car 0.760772 153 696 185 744
Car 0.735567 612 695 670 746
Car 0.533760 192 707 227 750
Pedestrian 0.689665 281 716 293 744
Car 0.218017 145 807 186 869
Pedestrian 0.313772 356 962 368 997
