Car 0.704834 1330 100 1357 120
Van 0.798569 1272 155 1301 182
Car 0.995203 1190 195 1225 222
Car 0.815828 32 267 72 295
Pedestrian 0.564034 169 354 180 367
Pedestrian 0.440858 902 335 911 360
Motor 0.901851 169 360 182 376
Pedestrian 0.931900 929 370 941 388
Motor 0.974816 926 378 942 398
Truck 0.967789 949 352 1026 428
Car 0.998590 809 436 867 487
Truck 0.953947 897 420 966 484
Car 0.995429 823 466 883 519
Car 0.992336 723 494 797 551
Pedestrian 0.855084 525 540 541 563
Pedestrian 0.557764 537 539 552 561
Truck 0.983792 750 515 844 604
Pedestrian 0.641443 449 611 461 630
Pedestrian 0.840212 463 622 478 644
Motor 0.952609 504 643 528 674
