Truck 0.580846 535 592 585 717
Truck 0.500550 591 43 620 73
Bus 0.626513 672 49 699 94
Truck 0.386617 639 75 662 115
Car 0.689144 708 86 725 102
Bus 0.590765 880 116 918 141
Car 0.826111 810 164 829 185
Van 0.322605 869 175 900 200
Bus 0.521303 631 186 648 220
Car 0.250945 832 201 856 231
Car 0.564623 587 222 608 244
Bus 0.242842 588 244 610 276
Car 0.987553 790 315 813 343
Motor 0.272614 665 355 674 374
Car 0.941385 596 368 617 394
Car 0.354328 620 382 644 411
Bus 0.855951 580 426 619 504
Bus 0.509471 662 449 716 495
Car 0.604226 652 495 689 526
Truck 0.618819 566 493 601 587
Truck 0.681276 596 515 633 618
Bus 0.718005 663 529 701 634
Truck 0.758747 523 600 566 711
Car 0.800711 587 617 618 700
Car 0.267648 679 684 714 753
Bus 0.615716 513 717 558 789
Car 0.686673 635 734 671 788
