Car 0.294258 512 0 537 3
Car 0.254110 878 0 903 11
Pedestrian 0.208976 1387 33 1396 45
Car 0.931198 516 77 545 126
Car 0.905532 681 92 708 146
Car 0.985876 652 155 678 210
Car 0.744540 985 180 1044 211
Truck 0.543044 482 154 516 287
Car 0.972104 908 211 958 252
Car 0.587585 60 243 106 269
Van 0.447108 116 239 164 263
Car 0.931319 706 256 728 310
Car 0.952134 868 257 909 300
Car 0.991011 903 280 949 323
Car 0.682402 682 330 701 380
Car 0.750102 829 328 865 375
Car 0.952019 866 337 906 384
Pedestrian 0.328171 946 427 956 436
Pedestrian 0.488995 1008 429 1020 437
Pedestrian 0.363272 287 462 297 474
Car 0.925879 721 461 744 518
Car 0.957665 441 559 462 619
Car 0.983833 691 564 716 620
Pedestrian 0.366353 1294 614 1307 622
Car 0.837628 635 598 655 648
Pedestrian 0.629200 1382 634 1395 644
Car 0.878281 501 643 526 699
Car 0.895692 595 699 618 753
Van 0.907129 720 714 745 764
Car 0.407596 678 779 703 786
