Car 0.345047 1027 -1 1055 18
Car 0.397767 1037 69 1064 117
Van 0.660849 999 83 1026 143
Bus 0.587775 895 80 916 172
Car 0.815036 721 139 745 189
Car 0.913779 607 140 633 199
Car 0.920764 646 214 666 276
Car 0.944358 855 214 879 277
Car 0.958653 1040 279 1065 339
Car 0.571822 1015 364 1037 431
Car 0.702597 1065 396 1094 464
Car 0.876796 597 411 624 483
Car 0.558070 1067 462 1096 526
Car 0.904350 1093 556 1127 617
Car 0.900653 920 571 945 650
Car 0.979378 728 652 753 720
Car 0.899666 969 659 1003 739
Car 0.832551 849 731 879 787
Car 0.231887 1098 777 1122 787
