Car 0.243572 975 286 982 292
Car 0.230977 903 316 912 322
Car 0.304093 919 308 927 314
Car 0.252750 872 335 881 341
Car 0.381501 896 325 905 331
Car 0.553860 848 352 858 358
Car 0.376320 863 346 872 352
Car 0.760260 839 367 850 374
Car 0.337814 790 393 802 401
Car 0.397706 805 392 815 400
Car 0.328061 770 412 781 420
Car 0.726277 778 412 790 420
Car 0.711374 722 443 735 453
Car 0.233378 1371 462 1388 474
Car 0.294765 543 495 559 506
Pedestrian 0.223192 551 512 558 521
Car 0.925683 660 502 676 514
Car 0.266251 971 505 985 520
Car 0.221556 494 534 517 546
Car 0.829106 592 533 610 548
Car 0.372555 760 633 777 651
Car 0.345043 353 649 377 671
Car 0.684752 321 665 344 684
Car 0.314231 286 686 312 704
Truck 0.597193 380 687 412 721
Car 0.848020 277 737 318 766
Car 0.756088 164 779 207 808
Car 0.530432 687 785 725 805
Car 0.791750 317 789 352 826
Car 0.764811 673 805 718 829
Car 0.976360 663 824 707 849
Motor 0.495192 120 853 136 868
Car 0.776727 259 841 300 882
Car 0.282665 649 848 688 872
Car 0.811948 211 853 253 893
Car 0.858790 642 861 682 889
Motor 0.280701 64 891 79 909
Car 0.765004 87 878 135 920
Car 0.852735 630 882 672 912
Car 0.818363 678 888 710 921
Pedestrian 0.249394 34 908 48 926
Car 0.615617 210 892 250 932
Car 0.791669 104 911 158 958
Car 0.762831 155 908 197 951
Car 0.791044 8 961 68 1010
Car 0.572172 100 949 153 997
Car 0.221271 141 954 195 1001
Car 0.301746 0 1031 27 1049
