Others 0.529415 -15 218 216 319
Car 0.290297 527 0 557 4
Car 0.915750 1115 0 1146 19
Car 0.311538 1158 0 1186 8
Car 0.899402 1202 -1 1250 22
Car 0.900309 1219 11 1275 40
Car 0.974604 640 27 674 62
Car 0.956865 1054 30 1108 59
Car 0.967352 628 72 663 117
Van 0.665566 683 68 713 112
Pedestrian 0.213753 1640 151 1654 168
Motor 0.313717 1691 151 1714 168
Motor 0.443179 1740 166 1762 183
Car 0.922743 1565 181 1629 213
Car 0.416977 1654 177 1724 210
Car 0.835220 1720 181 1788 209
Truck 0.872265 1315 280 1416 349
Pedestrian 0.853576 1308 534 1325 563
Car 0.958865 824 565 876 639
Car 0.886269 1671 577 1742 662
Car 0.978056 902 599 953 681
Car 0.962997 1755 711 1878 763
Car 0.987692 1797 893 1912 952
Car 0.960501 1815 959 1917 1023
Car 0.769989 1003 1002 1071 1075
