Pedestrian 0.203051 445 180 451 197
Car 0.457685 468 184 480 202
Van 0.462772 469 222 486 248
Car 0.250298 469 242 484 265
Van 0.358610 470 255 486 282
Van 0.491879 470 277 487 303
Van 0.483421 466 302 486 329
Car 0.836368 463 332 487 359
Car 0.859924 460 363 484 390
Van 0.850150 460 393 483 430
Car 0.899131 466 434 492 471
Car 0.454811 465 467 491 505
Pedestrian 0.257690 678 572 690 594
Car 0.981398 69 656 118 728
Motor 0.546759 1081 740 1112 764
Motor 0.796361 1086 798 1128 821
Car 0.892789 1054 823 1128 931
Car 0.896803 1108 827 1176 926
