Bus 0.867293 530 2 743 157
Car 0.811764 326 98 414 178
Car 0.975668 117 160 192 252
Bus 0.978648 296 118 534 288
Car 0.383035 782 246 868 328
Bus 0.962194 120 247 300 365
Car 0.756030 830 277 923 363
Car 0.800030 861 320 961 412
Car 0.937038 593 362 677 445
Car 0.988029 904 366 991 458
Car 0.865856 520 378 616 483
Car 0.605019 946 397 1036 495
Car 0.565721 990 450 1091 553
Car 0.910550 746 482 848 592
Car 0.293366 1058 547 1160 639
Van 0.793688 198 559 330 688
Van 0.929066 760 599 864 717
Truck 0.285029 194 656 419 779
Car 0.302995 1137 655 1269 759
Car 0.213584 1040 706 1166 794
Car 0.876347 1093 679 1227 785
Car 0.259912 735 -1 855 45
Car 0.945314 531 5 626 70
Car 0.931295 426 56 525 117
Van 0.554433 1007 319 1057 411
