Car 0.590279 1302 43 1319 67
Car 0.575943 580 60 590 77
Car 0.760849 494 74 507 92
Car 0.229558 583 71 592 89
Car 0.393431 559 116 569 137
Car 0.707037 707 116 717 140
Car 0.602696 491 133 505 152
Car 0.735928 588 131 600 154
Car 0.230950 495 178 511 200
Car 0.697017 491 211 503 230
Van 0.668087 670 208 682 237
Car 0.783572 575 221 584 245
Van 0.283269 588 221 598 244
Car 0.577075 586 319 595 340
Car 0.770058 671 319 680 343
Van 0.367072 556 327 564 349
Car 0.723594 830 327 853 353
Car 0.417906 572 353 581 377
Car 0.565635 551 415 561 442
Truck 0.687723 502 429 534 486
Car 0.804854 684 465 695 492
Car 0.914898 499 526 510 549
Car 0.924645 549 535 561 561
Van 0.346660 1079 558 1119 579
Car 0.737769 1243 555 1269 576
Car 0.236979 665 566 675 591
Car 0.201715 680 573 691 599
Car 0.636877 1036 611 1068 626
Car 0.368417 1081 610 1118 627
Car 0.917365 991 614 1019 632
Car 0.548949 475 675 488 702
Car 0.848189 487 672 500 701
Van 0.505668 660 694 672 724
Car 0.796613 545 723 556 756
