Bus 0.688992 722 417 853 557
Car 0.988063 670 24 693 53
Car 0.992265 532 54 552 85
Car 0.794166 735 49 756 90
Car 0.925043 782 54 808 93
Car 0.542411 953 48 979 78
Car 0.849454 971 50 999 84
Car 0.512986 986 54 1015 89
Car 0.421540 995 62 1025 98
Car 0.497068 1010 70 1042 105
Car 0.928922 690 134 715 166
Car 0.975351 672 187 694 224
Car 0.974172 572 264 600 307
Car 0.973146 708 258 735 300
Car 0.913276 825 288 853 350
Car 0.641070 789 327 812 375
Car 0.668517 678 444 709 497
Car 0.933644 627 574 656 627
Car 0.907098 968 583 1034 624
Car 0.970596 705 668 736 732
Car 0.528705 613 764 649 786
