Pedestrian 0.320605 269 196 275 213
Car 0.309144 516 201 545 225
Car 0.903607 265 227 293 248
Car 0.344800 274 240 303 262
Van 0.290909 281 246 314 271
Car 0.867967 284 259 317 285
Car 0.945728 294 277 333 305
Car 0.835507 304 302 350 332
Pedestrian 0.358730 354 302 363 322
Car 0.891697 315 319 364 346
Car 0.305771 528 316 565 347
Car 0.302721 608 316 639 351
Car 0.616926 326 328 380 360
Car 0.898811 328 356 392 383
Car 0.215399 514 347 546 386
Car 0.638374 617 353 654 387
Car 0.681352 293 388 357 415
Car 0.843149 639 372 685 413
Car 0.599004 393 403 438 437
Car 0.293921 414 396 463 425
Car 0.440757 563 388 600 426
Van 0.658561 611 380 652 429
Car 0.893749 686 409 731 447
Van 0.768062 1013 400 1067 456
Pedestrian 0.837328 485 435 495 456
Pedestrian 0.530460 615 447 630 468
Car 0.823235 652 423 704 467
Bike 0.205048 1162 441 1181 463
Car 0.816970 730 444 782 489
Pedestrian 0.350599 1271 471 1288 489
Pedestrian 0.222912 1317 469 1338 489
Pedestrian 0.566644 564 481 577 498
Car 0.950648 705 473 762 520
Pedestrian 0.533280 1188 486 1206 506
Pedestrian 0.485309 1215 486 1232 505
Pedestrian 0.623130 1243 479 1257 499
Car 0.412983 158 500 210 557
Pedestrian 0.282919 625 527 635 547
Motor 0.391655 649 520 663 542
Pedestrian 0.485849 668 522 681 545
Car 0.546890 1319 515 1393 557
Pedestrian 0.377678 1165 538 1184 559
Pedestrian 0.643809 577 562 587 583
Pedestrian 0.717989 588 570 599 589
Car 0.266979 -2 574 64 623
Pedestrian 0.299201 581 587 593 611
Pedestrian 0.844836 702 583 718 603
Pedestrian 0.212676 1137 615 1153 633
Pedestrian 0.709796 1161 609 1179 628
Pedestrian 0.870637 538 625 550 653
Motor 0.424945 1131 619 1151 640
Motor 0.306996 1154 618 1176 637
Pedestrian 0.673602 1190 648 1208 671
Pedestrian 0.639638 1114 669 1130 694
Bike 0.279386 1112 675 1130 702
Car 0.613015 1252 657 1320 717
Pedestrian 0.766815 466 747 491 769
Pedestrian 0.553603 404 755 423 782
Car 0.791076 715 861 826 943
Car 0.535723 467 956 598 1038
