Car 0.967152 630 416 692 547
Car 0.795448 834 469 914 617
Car 0.988748 482 625 581 816
Car 0.996962 957 860 1187 959
Car 0.747493 211 846 347 1031
Car 0.570092 659 0 702 23
Pedestrian 0.290442 820 0 833 11
Car 0.490443 474 0 573 43
Car 0.496531 794 9 843 61
Motor 0.542942 873 36 915 62
Motor 0.335330 854 60 896 85
Motor 0.417097 943 50 968 80
Car 0.932039 542 71 659 123
Car 0.844136 795 83 846 154
Motor 0.718017 547 112 593 144
Motor 0.792183 494 139 542 167
Car 0.520621 731 119 778 188
Motor 0.768002 490 152 544 181
Car 0.892496 803 156 854 243
Pedestrian 0.427522 400 185 418 228
Van 0.528018 571 163 631 262
Motor 0.840721 930 199 979 226
Car 0.982029 642 175 693 272
Motor 0.563263 936 217 984 245
Pedestrian 0.975702 828 270 846 312
Bike 0.426592 958 279 1006 310
Van 0.747217 734 249 780 367
Bike 0.253166 968 294 1004 329
Van 0.974279 635 291 691 386
Pedestrian 0.582904 395 374 418 412
Pedestrian 0.311436 894 384 913 415
Motor 0.569167 894 390 916 437
Pedestrian 0.348595 1032 428 1050 469
Bike 0.381261 319 455 347 496
Motor 0.548512 307 551 367 599
Pedestrian 0.477839 1040 592 1068 634
Pedestrian 0.214189 1005 618 1033 662
Pedestrian 0.545289 991 638 1019 683
Pedestrian 0.526417 545 833 578 873
Car 0.541902 548 955 649 1051
