Car 0.708659 800 5 820 30
Car 0.957207 762 39 783 67
Car 0.265955 1211 55 1249 74
Truck 0.446774 999 113 1051 141
Van 0.806686 732 171 761 207
Pedestrian 0.760226 611 198 619 210
Bus 0.537896 296 209 362 236
Pedestrian 0.457149 444 219 450 230
Pedestrian 0.414794 583 208 590 219
Pedestrian 0.644948 68 222 81 238
Car 0.303981 110 244 167 266
Bus 0.924524 265 226 400 275
Bus 0.619709 492 233 518 263
Bus 0.925147 149 238 267 285
Bus 0.237195 273 257 395 294
Pedestrian 0.379260 571 272 577 284
Truck 0.286926 810 262 871 307
Car 0.937220 321 401 373 426
Bus 0.877027 56 443 197 491
Car 0.712158 335 474 387 509
Car 0.931700 693 482 721 531
Car 0.897487 880 491 918 535
Car 0.978346 514 687 543 752
Pedestrian 0.666634 418 752 428 765
