Van 0.476739 419 210 481 388
Van 0.780705 777 268 847 394
Car 0.932464 381 391 457 520
Truck 0.305450 985 365 1108 567
Van 0.847023 809 399 919 582
Car 0.807915 381 528 461 686
Car 0.658435 864 580 937 699
Car 0.686524 361 758 459 953
Car 0.962292 947 944 1065 1051
Van 0.934801 1096 934 1311 1046
Car 0.404592 84 2 150 26
Pedestrian 0.364702 219 -1 235 21
Car 0.351869 634 0 691 10
Car 0.338883 659 1 712 21
Pedestrian 0.536066 707 0 723 19
Car 0.328449 917 3 988 23
Car 0.952459 220 7 332 52
Car 0.283665 910 8 996 49
Car 0.908555 672 24 763 71
Car 0.699090 626 53 710 97
Car 0.332967 807 45 901 95
Pedestrian 0.321025 890 57 905 91
Car 0.710094 936 42 1025 90
Car 0.626548 688 74 774 124
Pedestrian 0.310296 913 84 928 124
Car 0.805376 934 75 1026 128
Van 0.758458 488 88 537 163
Car 0.829324 612 100 709 155
Car 0.908926 738 122 813 187
Pedestrian 0.221677 851 128 865 168
Pedestrian 0.911596 925 154 941 195
Pedestrian 0.447579 185 175 205 209
Pedestrian 0.379721 182 200 203 232
Car 0.266607 817 181 882 251
Bike 0.461935 985 191 1020 221
Car 0.965013 709 194 765 277
Motor 0.231874 852 237 881 273
Car 0.721334 280 250 349 332
Pedestrian 0.719193 1019 291 1039 332
Pedestrian 0.234500 918 312 934 355
Pedestrian 0.204230 1061 312 1082 356
Pedestrian 0.778169 169 351 194 402
Pedestrian 0.733213 196 350 217 402
Motor 0.215136 52 385 82 431
Car 0.805480 707 391 780 488
Pedestrian 0.733567 1123 414 1148 459
Pedestrian 0.653224 470 427 491 483
Pedestrian 0.225956 1155 474 1178 517
Pedestrian 0.285447 1163 488 1185 534
Pedestrian 0.445386 1179 488 1201 538
Motor 0.607820 979 627 1006 687
Car 0.318242 295 1027 441 1047
