Van 0.863331 463 0 484 19
Car 0.303174 679 -1 702 5
Car 0.308344 705 0 730 9
Car 0.835561 298 15 319 40
Pedestrian 0.201206 652 14 658 25
Car 0.860436 442 32 466 60
Van 0.230197 672 39 702 71
Car 0.236973 1179 91 1194 115
Bus 0.729406 453 91 490 138
Car 0.946443 1172 131 1197 158
Pedestrian 0.274074 1330 141 1337 149
Pedestrian 0.468443 1327 151 1334 159
Car 0.861947 394 157 420 186
Pedestrian 0.307264 1363 167 1370 174
Pedestrian 0.558981 1383 172 1391 180
Car 0.989105 1069 191 1112 209
Car 0.973688 676 266 700 299
Pedestrian 0.204285 882 285 889 296
Car 0.981337 912 405 950 424
Car 0.949325 693 509 715 539
Car 0.891191 674 525 699 560
Car 0.989283 648 531 670 568
Car 0.984040 736 636 757 675
Car 0.996627 696 672 720 712
