Truck 0.212517 863 502 909 632
Car 0.522021 752 1 764 9
Car 0.369231 688 59 701 77
Car 0.297534 695 58 706 71
Bus 0.276423 619 77 641 112
Car 0.256843 662 92 674 107
Car 0.965243 646 104 660 119
Bus 0.285415 686 114 705 141
Car 0.372324 608 143 623 161
Car 0.724685 630 144 645 162
Car 0.715829 598 213 611 234
Car 0.989676 626 207 639 228
Car 0.818933 723 325 745 354
Car 0.930950 687 359 705 392
Car 0.735107 749 388 771 419
Bus 0.545291 832 388 863 449
Bus 0.732755 801 390 830 467
Car 0.985601 569 431 589 464
Car 0.343837 733 444 752 473
Car 0.488784 772 463 796 492
Truck 0.932623 822 453 863 527
Truck 0.233297 809 479 837 538
Car 0.933481 590 504 614 547
Truck 0.339013 775 495 806 582
Truck 0.933407 877 519 917 611
Car 0.259440 810 580 843 635
Truck 0.690697 891 602 942 684
Bus 0.511914 914 695 961 785
