Car 0.224216 290 0 305 16
Car 0.674432 984 12 993 34
Car 0.599770 1050 29 1062 50
Car 0.432023 1008 36 1018 56
Car 0.523408 977 55 988 75
Car 0.330206 913 68 926 84
Car 0.697772 1062 88 1071 108
Car 0.710284 901 105 915 125
Car 0.642167 996 99 1006 118
Van 0.318652 959 138 973 158
Van 0.397990 408 163 436 178
Van 0.468820 445 164 476 180
Van 0.621949 492 166 521 180
Car 0.718234 538 168 565 182
Car 0.410392 880 176 891 191
Car 0.832105 898 205 907 225
Car 0.532348 1082 210 1094 230
Car 0.542912 1092 256 1103 278
Car 0.375127 918 266 928 282
Van 0.711949 1045 279 1058 305
Car 0.548248 1115 290 1127 309
Van 0.227513 939 299 954 330
Car 0.421036 1010 300 1021 322
Car 0.772832 1031 312 1041 338
Car 0.703605 1056 345 1069 370
Van 0.607302 966 352 979 378
Car 0.885871 921 374 934 400
Car 0.434598 1084 368 1099 394
Car 0.805354 986 418 1000 446
Car 0.641230 1086 431 1098 458
Car 0.872732 1068 448 1082 475
Car 0.935884 985 488 1003 517
Car 0.797479 1077 493 1093 522
Car 0.430508 926 515 939 540
Bus 0.627857 1042 499 1067 584
Car 0.927842 1018 567 1034 596
Car 0.417436 1094 626 1109 661
Car 0.864449 1014 674 1035 711
Car 0.724165 1109 688 1126 724
Car 0.923215 1043 699 1062 735
