Bus 0.541643 881 34 931 179
Truck 0.737753 788 654 973 749
Car 0.436793 1132 0 1176 18
Van 0.426843 530 2 561 36
Pedestrian 0.210567 93 38 107 53
Bus 0.976593 445 80 568 142
Bus 0.909217 586 125 711 185
Car 0.777456 0 158 37 190
Car 0.969446 156 181 213 209
Truck 0.445566 5 188 75 228
Car 0.886596 462 183 510 215
Car 0.572384 161 205 222 242
Car 0.358270 104 231 150 259
Car 0.877582 240 235 301 271
Van 0.620493 158 244 224 281
Car 0.419343 241 271 306 306
Car 0.980793 317 274 375 317
Car 0.851109 106 309 168 350
Car 0.574207 383 315 468 355
Truck 0.560837 50 355 135 399
Car 0.282769 4 379 26 418
Car 0.993124 221 452 281 490
Car 0.610526 364 459 431 498
Car 0.971431 882 534 974 579
Car 0.483832 170 551 231 597
Car 0.982459 458 543 534 585
Car 0.860622 1322 562 1391 605
Car 0.817326 468 591 549 638
Car 0.916238 699 586 782 631
Car 0.722976 1017 615 1090 665
Car 0.560746 1118 728 1184 771
Car 0.700162 484 743 568 775
Car 0.364337 279 774 353 787
Car 0.425128 683 764 754 787
