Car 0.735043 469 -1 481 13
Van 0.266585 489 -1 504 25
Truck 0.380198 409 2 428 35
Van 0.474622 615 1 632 41
Car 0.538939 532 105 555 133
Car 0.576169 329 108 349 137
Car 0.787918 348 110 370 145
Car 0.795805 540 109 561 140
Car 0.903004 40 131 82 153
Car 0.661570 370 125 390 155
Car 0.982589 100 143 140 161
Car 0.891613 158 153 197 174
Car 0.853640 212 142 246 162
Car 0.316444 567 139 589 173
Truck 0.626618 -1 151 70 188
Car 0.987082 218 174 259 193
Car 0.981427 372 194 410 214
Truck 0.990096 421 216 526 258
Car 0.963536 334 257 371 282
Truck 0.920753 364 240 449 278
Car 0.943716 598 256 635 277
Car 0.983676 1184 250 1222 269
Car 0.850489 1307 258 1343 274
Car 0.679524 22 286 54 302
Car 0.849722 466 298 507 321
Car 0.682791 945 296 988 312
Van 0.496604 76 313 123 336
Van 0.934141 563 310 612 332
Bus 0.928599 736 307 845 339
Car 0.422012 654 347 695 364
Van 0.786791 1331 375 1368 392
Car 0.377177 460 398 499 416
Car 0.876794 641 407 680 424
Van 0.519073 938 435 975 452
Car 0.960341 1289 452 1328 470
Van 0.390562 1226 586 1286 622
Pedestrian 0.665770 1175 614 1184 621
Pedestrian 0.332624 1184 605 1193 614
Car 0.220920 1381 602 1399 633
Car 0.867441 1345 608 1385 641
Car 0.824548 1328 629 1370 658
Pedestrian 0.750297 877 657 889 665
Car 0.898164 1316 644 1354 674
Car 0.506551 1309 659 1347 688
Car 0.257198 1384 663 1401 690
Van 0.705643 1290 665 1335 708
