Car 0.683616 840 -1 860 8
Car 0.907175 811 87 834 114
Pedestrian 0.492252 1068 150 1077 165
Car 0.719124 609 195 632 223
Car 0.977026 786 218 809 256
Bus 0.740471 639 243 676 299
Car 0.989270 516 284 541 316
Car 0.876782 590 300 615 337
Car 0.865951 718 310 741 353
Car 0.955740 613 378 638 419
Car 0.952108 562 399 586 438
Car 0.875460 678 418 700 464
Car 0.557969 527 462 550 502
Car 0.508308 629 464 653 510
Car 0.878477 698 472 719 522
Car 0.974891 598 481 620 526
Car 0.810441 617 595 641 642
Car 0.907008 722 602 747 663
