Truck 0.716732 1005 34 1108 228
Car 0.995449 410 206 513 307
Car 0.952258 249 253 356 356
Car 0.985443 285 293 420 418
Car 0.224031 1112 373 1217 483
Car 0.960376 992 401 1081 529
Car 0.963047 958 583 1062 752
Car 0.963292 875 790 1008 1042
Bus 0.272756 551 -1 668 36
Car 0.486981 1102 -1 1143 22
Car 0.651892 675 0 742 55
Car 0.704291 932 2 980 57
Car 0.375575 1089 12 1129 57
Car 0.414581 442 17 538 77
Car 0.519516 891 61 942 132
Pedestrian 0.651941 975 69 992 107
Car 0.941779 400 74 487 147
Car 0.764680 451 82 548 164
Car 0.897946 554 93 625 158
Car 0.790965 488 131 577 225
Pedestrian 0.299612 1104 149 1124 191
Car 0.836224 303 149 404 221
Pedestrian 0.220462 1164 177 1183 215
Car 0.958323 190 166 302 245
Car 0.986832 340 161 458 254
Car 0.968207 210 211 317 295
