Car 0.240574 564 109 571 119
Car 0.567563 568 129 574 138
Car 0.315573 575 139 581 148
Truck 0.298838 592 170 600 184
Car 0.447079 625 249 636 264
Car 0.219763 498 267 515 278
Car 0.929506 603 272 614 284
Car 0.845826 627 277 638 290
Car 0.935349 614 312 627 326
Car 0.216447 616 325 629 340
Car 0.202881 271 345 295 359
Car 0.388805 626 340 639 359
Car 0.858030 631 361 643 379
Car 0.272187 617 382 627 397
Car 0.836748 642 392 657 408
Car 0.264107 328 401 350 417
Car 0.637890 349 400 369 415
Car 0.599910 646 406 661 426
Car 0.375394 1166 409 1184 427
Pedestrian 0.283118 1215 406 1220 417
Car 0.256779 372 424 397 437
Car 0.357580 647 415 664 434
Car 0.919149 681 418 700 437
Car 0.863777 656 443 673 463
Pedestrian 0.718082 710 456 717 467
Car 0.476915 963 451 993 469
Car 0.224269 641 469 658 493
Motor 0.447159 710 459 719 471
Car 0.870586 943 468 981 488
Car 0.582158 959 460 989 478
Motor 0.296898 1130 465 1138 476
Car 0.637046 685 508 703 535
Car 0.219257 716 496 733 520
Pedestrian 0.304625 1084 517 1092 529
Car 0.294689 332 525 373 541
Car 0.593122 656 511 672 540
Pedestrian 0.235657 1049 538 1056 549
Motor 0.398933 1084 520 1093 532
Car 0.565356 324 547 365 564
Motor 0.262192 1049 540 1058 551
Car 0.378977 127 556 158 582
Car 0.694303 322 567 363 584
Car 0.267340 529 558 548 585
Car 0.748841 692 558 714 589
Pedestrian 0.358568 1008 572 1015 583
Pedestrian 0.254236 1030 566 1039 578
Car 0.718484 95 589 133 614
Car 0.840822 335 589 378 608
Car 0.576110 383 586 419 605
Car 0.760241 429 585 474 606
Van 0.781069 489 585 524 607
Pedestrian 0.411221 843 591 850 604
Pedestrian 0.299622 1005 583 1013 593
Van 0.775711 816 604 836 635
Car 0.503867 118 622 174 648
Car 0.846806 229 632 285 654
Car 0.614251 294 629 342 649
Car 0.768823 351 625 392 645
Car 0.916446 465 625 519 646
Car 0.777863 681 614 705 647
Car 0.729118 163 641 219 663
Van 0.827363 313 646 364 669
Car 0.559136 299 672 350 692
Van 0.433678 699 660 726 710
Car 0.794554 731 650 757 691
Pedestrian 0.374935 879 712 888 728
Truck 0.701224 753 700 790 765
Car 0.640024 720 738 753 788
Car 0.885502 840 739 872 784
Pedestrian 0.603032 712 796 721 812
Pedestrian 0.504749 853 785 864 803
Car 0.792679 777 793 807 842
Car 0.878232 902 837 945 891
Car 0.241244 0 877 21 928
Pedestrian 0.200650 579 917 589 930
Van 0.900599 768 889 802 956
Motor 0.204668 713 928 732 943
Car 0.911997 817 918 858 990
Motor 0.460359 683 985 696 1008
Pedestrian 0.422584 696 983 709 1006
Pedestrian 0.296223 1092 1004 1106 1030
Car 0.393886 770 1040 814 1048
Car 0.291656 797 1043 840 1049
