Truck 0.944953 1213 26 1248 67
Car 0.566727 1299 41 1320 54
Car 0.574433 1316 42 1346 56
Truck 0.585244 1300 61 1333 79
Car 0.696101 1287 122 1321 140
Truck 0.891405 1284 139 1329 161
Car 0.995003 1184 167 1208 190
Car 0.994789 1276 171 1322 188
Car 0.940877 1267 190 1317 207
Car 0.864553 1268 207 1313 224
Car 0.938852 1129 219 1157 248
Car 0.955199 1281 228 1313 250
Car 0.758867 1270 250 1302 277
Truck 0.417775 965 260 1013 296
Car 0.934917 1372 284 1411 310
Car 0.345722 1393 293 1432 316
Van 0.375489 1248 311 1272 341
Car 0.743467 1413 303 1454 330
Car 0.537547 1236 322 1259 349
Car 0.796765 1268 323 1297 352
Car 0.964852 1342 334 1370 365
Car 0.471291 1269 340 1295 371
Car 0.910952 1288 353 1321 387
Car 0.951817 1377 341 1406 371
Car 0.831984 1631 347 1668 374
Car 0.894615 1332 370 1375 399
Pedestrian 0.230941 1213 422 1224 441
Motor 0.243049 273 454 297 473
Car 0.969365 241 659 326 701
Pedestrian 0.315748 897 660 925 683
Truck 0.741605 339 663 425 709
Car 0.677587 452 672 538 714
Truck 0.971236 528 668 657 725
Pedestrian 0.356790 780 763 797 786
Pedestrian 0.459758 1566 771 1587 798
Pedestrian 0.957130 658 788 677 810
Awning-tricycle 0.623263 1481 769 1557 823
Motor 0.256036 1566 777 1592 809
Car 0.819782 1865 771 1915 817
Pedestrian 0.904836 926 913 946 939
Pedestrian 0.250491 187 924 214 962
Motor 0.825942 925 922 951 954
Car 0.755898 1871 961 1914 1010
Car 0.937405 1544 980 1673 1037
Van 0.801599 1712 995 1834 1053
Car 0.262390 1832 1004 1916 1059
