Bus 0.707872 216 -1 256 28
Car 0.916047 405 0 428 18
Pedestrian 0.369641 518 0 523 10
Car 0.731214 359 31 386 56
Car 0.950302 428 37 453 64
Car 0.604207 313 67 335 89
Car 0.917831 473 66 497 91
Van 0.604464 468 115 491 146
Car 0.937055 509 155 536 189
Car 0.891676 64 244 126 284
Car 0.828050 437 242 463 274
Pedestrian 0.677306 936 258 943 269
Pedestrian 0.427225 941 258 948 268
Pedestrian 0.352435 843 276 850 286
Pedestrian 0.200098 864 277 871 287
Car 0.992567 560 275 585 308
Pedestrian 0.944787 870 291 877 302
Van 0.877312 47 290 101 332
Car 0.697764 94 294 148 331
Pedestrian 0.885530 870 305 877 316
Pedestrian 0.357551 887 307 894 317
Car 0.841847 97 311 148 347
Pedestrian 0.506832 865 316 873 327
Car 0.915701 406 327 430 366
Pedestrian 0.812394 868 338 876 350
Car 0.946940 487 336 514 375
Pedestrian 0.221679 869 343 877 354
Bus 0.933971 576 334 629 449
Car 0.972824 72 407 122 443
Car 0.597457 133 422 186 462
Car 0.501773 71 445 130 491
Car 0.700389 1 452 13 500
Pedestrian 0.638881 296 487 304 506
Car 0.755286 478 463 506 509
Pedestrian 0.830900 300 496 308 514
Car 0.537610 1 491 25 550
Pedestrian 0.511026 307 511 315 528
Car 0.842148 171 530 230 576
Car 0.948716 612 557 641 611
Car 0.964858 394 583 422 634
Car 0.895939 523 580 556 645
Car 0.420129 0 623 7 665
Car 0.987066 630 687 660 741
Car 0.622542 601 717 631 782
Car 0.483253 13 761 52 786
Car 0.325036 641 782 673 787
