Pedestrian 0.674799 521 275 530 297
Pedestrian 0.865927 502 304 512 327
Car 0.966051 466 407 506 462
Pedestrian 0.983281 494 507 505 533
Pedestrian 0.345879 487 515 497 541
Pedestrian 0.560220 1298 590 1323 615
Pedestrian 0.616502 1083 605 1104 630
Pedestrian 0.329613 1096 603 1120 628
Motor 0.211131 27 627 55 649
Car 0.996632 821 606 929 652
Pedestrian 0.993626 1210 626 1231 650
Motor 0.521162 16 650 54 670
Tricycle 0.256105 343 632 398 661
Pedestrian 0.892397 295 657 323 686
Pedestrian 0.943840 1154 655 1179 681
Pedestrian 0.850318 1294 668 1321 691
Pedestrian 0.316129 12 688 31 706
Motor 0.709585 14 688 49 709
Pedestrian 0.433122 300 688 332 716
Pedestrian 0.211403 398 692 413 718
Pedestrian 0.326552 313 694 336 721
Pedestrian 0.863269 400 697 416 734
Pedestrian 0.996367 651 699 667 732
Pedestrian 0.785919 1008 697 1032 720
Pedestrian 0.981094 647 722 664 753
Pedestrian 0.940479 678 714 695 750
Pedestrian 0.819260 612 741 631 776
Pedestrian 0.896712 678 733 695 768
