Truck 0.625031 566 266 628 374
Bus 0.984430 482 605 570 793
Car 0.808434 886 0 898 11
Car 0.254146 328 18 362 32
Car 0.472140 344 19 375 31
Pedestrian 0.252688 896 18 900 27
Car 0.495546 653 24 678 39
Car 0.931626 847 26 863 46
Car 0.852887 451 39 484 53
Car 0.950780 427 137 454 159
Car 0.868415 1073 140 1120 166
Car 0.992604 593 164 619 189
Car 0.959637 493 172 519 192
Car 0.973502 445 199 466 221
Pedestrian 0.368221 881 205 887 224
Car 0.994119 516 215 539 241
Car 0.252160 350 255 392 276
Car 0.985735 483 296 515 329
Van 0.896029 339 360 377 408
Pedestrian 0.351015 164 525 174 548
Truck 0.471135 237 543 304 627
Van 0.975419 387 624 440 706
Pedestrian 0.365002 143 766 159 785
