Car 0.925953 286 4 331 18
Car 0.836380 285 20 333 37
Car 0.718232 271 42 322 61
Car 0.822908 262 66 320 86
Car 0.778114 256 85 314 106
Car 0.905325 253 105 308 127
Car 0.818286 238 151 293 173
Car 0.931319 242 187 307 210
Car 0.970475 247 225 314 250
Car 0.476933 1743 246 1782 271
Car 0.922534 254 268 326 298
Car 0.354769 1736 275 1776 296
Car 0.859482 255 290 324 319
Car 0.818417 1730 294 1775 315
Car 0.759271 1716 310 1760 332
Van 0.373731 1887 306 1913 337
Car 0.738829 1880 334 1909 358
Car 0.682556 1689 353 1730 381
Van 0.850199 238 389 291 429
Car 0.351138 1639 411 1695 443
Car 0.843021 234 427 312 458
Van 0.937837 217 441 320 492
Car 0.649234 1583 467 1638 501
Car 0.572191 1776 470 1824 514
Car 0.684807 235 488 319 533
Car 0.307561 1572 483 1625 520
Car 0.943183 239 506 327 553
Pedestrian 0.930455 367 528 381 559
Car 0.666768 275 573 355 622
Car 0.975881 262 612 355 661
Truck 0.866662 1673 608 1758 700
Car 0.623201 1400 641 1484 698
Car 0.983880 1338 732 1428 792
Car 0.996709 1593 719 1664 795
Car 0.289670 1143 927 1226 999
