Car 0.862947 891 -1 968 20
Car 0.912662 891 13 969 48
Car 0.714367 1711 44 1772 98
Car 0.565402 338 97 392 141
Car 0.523126 853 84 900 136
Motor 0.442902 1391 427 1425 447
Pedestrian 0.322924 1041 456 1058 478
Motor 0.525628 1122 447 1152 474
Motor 0.829081 1273 446 1296 476
Pedestrian 0.379560 1069 468 1088 490
Car 0.304156 1024 476 1135 538
Motor 0.228366 287 563 326 590
Car 0.986474 745 552 857 603
Van 0.622670 1534 547 1626 597
Car 0.959581 1645 537 1760 589
Motor 0.573388 248 569 299 601
Car 0.994411 1425 568 1539 617
Car 0.876108 452 573 583 636
Car 0.945900 273 606 399 665
Car 0.985459 903 632 1028 689
Car 0.996412 1048 618 1169 676
Car 0.997544 1365 619 1498 671
Car 0.990984 783 654 893 709
Car 0.992081 594 676 715 730
Car 0.997087 1165 658 1300 714
Car 0.980329 452 696 573 750
Pedestrian 0.827953 712 734 737 752
Car 0.994938 292 720 422 776
Motor 0.627433 710 736 744 757
Car 0.985032 70 758 197 811
Van 0.894084 1634 739 1742 798
Car 0.937299 -2 762 61 823
Car 0.995783 720 791 850 847
Tricycle 0.656745 1828 811 1917 877
Truck 0.954839 21 858 163 917
Motor 0.241674 1875 883 1909 914
Car 0.948828 1366 895 1499 958
Car 0.376632 1224 919 1334 976
Bike 0.478154 1485 958 1523 984
Car 0.463040 326 1047 506 1078
