Bus 0.961175 1223 291 1347 429
Car 0.487183 1009 0 1045 9
Car 0.224166 1219 4 1245 22
Car 0.975798 1275 43 1332 64
Car 0.931805 1323 126 1375 164
Car 0.394126 1388 130 1401 165
Pedestrian 0.452011 690 368 702 383
Car 0.994496 841 340 898 393
Car 0.986734 1046 348 1110 403
Car 0.526928 763 447 845 509
Car 0.981001 863 455 934 508
Pedestrian 0.238469 517 524 531 546
Car 0.384593 1042 522 1092 577
Pedestrian 0.472706 1257 545 1277 571
Bike 0.506629 1251 552 1274 579
Car 0.946391 634 590 706 648
Pedestrian 0.961352 106 680 126 706
Car 0.865148 1017 683 1060 775
Car 0.924173 347 730 451 787
Pedestrian 0.644850 1200 765 1214 787
