Bus 0.711490 950 -1 978 18
Truck 0.471792 1274 45 1324 83
Truck 0.580100 1333 58 1381 88
Van 0.761226 1261 67 1305 92
Van 0.959467 1253 86 1291 110
Car 0.923237 81 202 124 224
Car 0.973153 1330 230 1375 249
Car 0.886517 645 234 686 254
Truck 0.974036 131 243 217 289
Car 0.988142 959 259 1008 281
Car 0.943531 1358 250 1398 268
Car 0.980960 317 266 361 287
Car 0.993510 603 271 648 291
Car 0.871715 763 273 810 294
Car 0.977880 128 281 173 302
Car 0.990444 42 311 89 335
Van 0.944186 451 311 499 334
Bus 0.926176 1187 297 1314 341
Car 0.995418 658 328 707 348
Car 0.822297 301 385 347 407
Car 0.896325 1128 382 1184 405
Car 0.994854 904 401 957 424
Car 0.784801 192 456 226 479
Car 0.725991 408 495 445 527
Car 0.980065 331 519 357 564
Car 0.510476 162 762 222 785
