Pedestrian 0.273134 31 21 37 30
Bus 0.241011 724 2 752 30
Bus 0.655060 833 6 860 33
Car 0.571600 122 35 139 51
Van 0.450341 461 48 474 66
Van 0.604916 713 54 744 78
Car 0.294823 911 60 932 77
Van 0.277887 429 73 440 88
Car 0.718192 764 93 781 109
Car 0.460456 449 105 462 121
Van 0.601516 509 108 527 125
Van 0.522066 782 114 797 131
Bus 0.525799 309 128 354 151
Car 0.893148 524 138 546 151
Car 0.578321 730 140 744 157
Car 0.766398 750 132 765 148
Car 0.907922 679 169 695 185
Car 0.707391 781 169 793 187
Car 0.797836 730 177 744 193
Van 0.637474 755 231 769 250
Car 0.629978 634 235 649 253
Car 0.912566 729 253 745 274
Car 0.742683 672 329 686 356
Car 0.886171 712 383 725 410
Car 0.429022 733 397 746 422
Car 0.975292 906 421 941 437
Car 0.863916 578 429 593 454
Car 0.930141 801 431 822 449
Car 0.580584 681 442 693 467
Car 0.961505 730 449 744 480
Car 0.967749 919 450 951 466
Car 0.865695 751 466 765 492
Car 0.235880 147 533 160 551
Car 0.755118 676 529 690 558
Car 0.832606 564 538 583 568
Car 0.988814 707 554 723 588
Van 0.882872 673 635 687 665
Car 0.461463 916 640 942 665
Bus 0.846806 645 638 664 700
Truck 0.287273 903 663 932 697
Van 0.470966 934 693 968 725
Truck 0.289387 956 723 1009 770
Car 0.411576 746 761 767 786
