Pedestrian 0.286474 681 6 688 18
Pedestrian 0.511125 709 3 715 9
Pedestrian 0.526468 687 11 694 24
Pedestrian 0.294544 698 11 704 24
Pedestrian 0.399900 687 27 693 43
Pedestrian 0.680639 715 30 721 47
Pedestrian 0.532817 739 25 745 42
Pedestrian 0.686177 713 43 719 57
Pedestrian 0.235385 742 40 749 55
Pedestrian 0.364426 691 62 698 79
Pedestrian 0.954629 684 73 691 92
Pedestrian 0.259381 702 80 709 96
Pedestrian 0.744463 667 84 675 102
Pedestrian 0.915708 682 86 689 105
Pedestrian 0.913656 703 87 710 106
Pedestrian 0.215092 727 102 736 119
Pedestrian 0.431336 603 122 613 139
Pedestrian 0.977464 630 122 639 141
Pedestrian 0.464968 603 138 612 155
Pedestrian 0.220380 628 134 638 151
Pedestrian 0.953086 652 135 661 153
Pedestrian 0.720416 596 143 607 162
Pedestrian 0.932223 630 149 640 167
Pedestrian 0.842183 653 145 663 165
Pedestrian 0.640396 563 157 574 178
Pedestrian 0.600900 626 161 636 180
Pedestrian 0.835174 510 177 522 195
Pedestrian 0.904600 582 179 592 198
Pedestrian 0.959962 595 180 605 199
Pedestrian 0.968508 625 178 635 197
Pedestrian 0.254982 168 195 181 217
Pedestrian 0.736631 605 190 613 208
Pedestrian 0.426548 681 208 694 227
Pedestrian 0.227408 380 223 392 238
Pedestrian 0.585630 303 244 314 261
Pedestrian 0.882545 543 259 554 278
Pedestrian 0.785580 733 256 744 273
Pedestrian 0.319576 726 268 737 285
Pedestrian 0.224356 727 287 741 304
Pedestrian 0.792026 310 302 322 321
Motor 0.464196 884 297 901 313
Pedestrian 0.882378 271 317 282 338
Pedestrian 0.624872 6 329 21 357
Pedestrian 0.521131 277 330 288 349
Pedestrian 0.629747 9 339 26 365
Pedestrian 0.656434 41 340 59 369
Pedestrian 0.680601 54 344 71 371
Pedestrian 0.385583 271 343 282 367
Pedestrian 0.276448 65 352 81 379
Pedestrian 0.931148 676 396 688 412
Pedestrian 0.545986 951 395 962 411
Pedestrian 0.852466 849 532 861 550
Pedestrian 0.511925 1214 539 1230 565
Pedestrian 0.546442 1214 555 1229 579
Pedestrian 0.590703 1224 606 1241 627
Pedestrian 0.702828 965 617 977 636
Pedestrian 0.861206 944 629 959 653
Pedestrian 0.338354 915 751 932 774
