Car 0.377307 1289 44 1312 57
Car 0.493716 1331 60 1357 74
Car 0.211758 272 111 296 127
Truck 0.226591 1219 209 1254 240
Car 0.958399 1020 237 1054 255
Car 0.987260 1070 234 1104 252
Car 0.895260 1166 423 1197 451
Van 0.932633 1758 453 1826 481
Van 0.978933 1319 469 1381 499
Car 0.972056 1210 511 1241 550
Car 0.436830 1808 508 1870 535
Car 0.286442 707 531 747 562
Car 0.597562 1833 543 1899 572
Car 0.734366 1355 572 1434 605
Car 0.935294 1863 570 1911 601
Car 0.610072 685 603 739 630
Car 0.953703 1259 606 1295 655
Car 0.636434 1898 612 1914 647
Van 0.846122 735 697 832 748
Car 0.278620 1265 770 1348 820
Car 0.462529 977 780 1029 842
Car 0.967587 1052 848 1103 914
Car 0.973205 809 921 878 1017
Car 0.300766 1201 958 1321 1012
Car 0.689852 1196 1005 1283 1060
Car 0.868739 961 1025 1035 1077
Car 0.226761 1175 1063 1277 1077
