Car 0.239973 113 0 137 4
Car 0.233107 87 17 118 36
Car 0.778963 157 12 182 29
Car 0.537727 140 68 175 86
Car 0.640907 434 97 461 122
Car 0.260103 279 152 304 175
Van 0.441592 711 137 733 173
Car 0.603866 4 159 37 188
Truck 0.791478 334 137 413 205
Van 0.669194 726 149 752 188
Car 0.981349 419 172 450 203
Car 0.959313 506 194 538 221
Car 0.705770 543 206 571 232
Car 0.944272 830 204 861 242
Car 0.747458 559 217 590 246
Car 0.601967 380 229 410 260
Car 0.849746 570 233 599 261
Truck 0.932476 410 228 488 292
Van 0.656268 502 247 533 274
Car 0.308592 678 249 704 272
Car 0.445475 837 249 865 271
Car 0.827754 728 271 754 297
Truck 0.339498 582 266 635 321
Car 0.937896 501 301 529 333
Car 0.360750 725 299 752 327
Car 0.966896 585 318 618 344
Car 0.379742 725 310 759 339
Car 0.518220 746 314 778 344
Truck 0.461005 566 351 614 396
Pedestrian 0.321818 80 379 93 391
Car 0.517859 755 378 779 403
Car 0.905543 733 427 768 452
Van 0.809095 657 459 692 490
Car 0.936588 859 513 899 541
Car 0.304585 625 558 670 585
Van 0.840216 821 577 864 606
Car 0.938986 728 624 771 654
Van 0.822830 1326 655 1373 677
Van 0.519199 952 744 997 773
Car 0.893919 1190 751 1238 778
