Bus 0.827892 621 156 708 243
Car 0.573087 29 678 123 769
Car 0.750776 678 35 696 61
Car 0.972304 682 82 704 106
Van 0.502113 684 108 710 141
Car 0.802902 549 217 600 245
Car 0.564620 912 289 977 310
Truck 0.230521 1213 269 1280 313
Car 0.955782 1339 281 1384 308
Car 0.407035 450 314 506 337
Car 0.655967 448 349 508 375
Car 0.762004 809 354 837 393
Van 0.744934 256 369 319 402
Van 0.613741 314 390 381 422
Bus 0.524870 721 361 764 446
Car 0.834846 133 395 200 430
Van 0.815388 499 405 563 437
Car 0.511486 632 398 682 425
Car 0.950716 823 399 854 442
Car 0.463486 435 425 499 457
Car 0.604349 618 428 681 453
Pedestrian 0.279406 876 431 885 458
Car 0.218966 249 438 312 473
Car 0.444610 436 449 515 479
Car 0.756115 839 444 870 507
Car 0.634562 101 470 179 504
Car 0.384962 287 479 371 515
Car 0.396337 430 474 511 506
Car 0.248146 626 487 685 525
Car 0.742148 420 501 507 536
Car 0.345571 88 517 155 557
Car 0.424110 622 510 707 560
Car 0.789568 264 538 353 573
Car 0.795975 429 532 510 567
Car 0.862513 57 567 143 610
Car 0.826972 274 565 356 601
Car 0.916782 428 560 494 595
Car 0.967358 867 591 904 655
Pedestrian 0.351554 322 690 340 708
Car 0.223066 611 688 714 726
Car 0.305658 233 742 336 788
