Car 0.965087 894 278 973 377
Van 0.673769 187 593 251 693
Van 0.382493 340 586 407 696
Van 0.738431 130 695 210 783
Car 0.828733 780 -1 825 20
Car 0.691837 99 1 154 64
Car 0.984042 756 22 809 92
Car 0.986700 622 35 677 108
Car 0.983870 369 108 412 169
Car 0.995128 730 146 790 221
Car 0.416934 305 175 356 224
Car 0.981815 387 221 426 297
Car 0.959950 302 281 355 364
Car 0.984543 354 330 402 400
Car 0.989914 273 391 325 466
Car 0.992762 326 434 381 531
Car 0.954367 236 493 289 571
Car 0.941848 973 606 1039 693
