Bus 0.556659 885 216 969 305
Truck 0.439302 947 308 1026 396
Bus 0.306306 1015 406 1102 532
Truck 0.610090 1063 418 1142 530
Truck 0.598494 1102 493 1230 681
Car 0.301286 792 660 856 777
Bus 0.590541 2 -2 22 43
Truck 0.574427 44 0 71 36
Bus 0.776534 731 -1 780 49
Car 0.291131 780 27 795 46
Bus 0.767788 50 31 84 99
Bus 0.398233 764 40 803 86
Car 0.758533 22 72 46 105
Bus 0.596323 792 82 851 148
Car 0.925523 848 173 880 203
Bus 0.706821 641 205 688 305
Truck 0.280239 329 268 435 324
Van 0.820757 714 285 747 325
Van 0.662313 745 284 777 324
Van 0.612722 586 289 620 353
Truck 0.525236 306 333 431 383
Car 0.399414 848 341 887 379
Truck 0.384101 771 338 817 433
Car 0.260500 616 381 648 423
Van 0.836067 667 372 704 419
Van 0.606695 779 372 823 428
Van 0.719003 817 375 855 427
Truck 0.333395 334 391 429 439
Car 0.524949 557 393 587 435
Truck 0.382000 329 418 440 469
Car 0.298115 436 490 500 524
Van 0.208462 299 495 353 548
Car 0.780434 684 496 721 550
Car 0.207584 451 515 508 558
Car 0.439787 589 514 622 568
Van 0.398084 174 531 229 580
Car 0.917909 817 514 866 579
Car 0.883441 729 540 769 601
Car 0.409522 284 555 325 611
Car 0.296930 319 555 359 603
Van 0.569608 380 566 447 609
Car 0.223599 674 551 707 611
Car 0.265392 203 567 249 628
Van 0.937971 600 559 645 627
Car 0.783011 124 584 168 646
Car 0.494831 165 580 204 641
Van 0.707050 383 593 454 639
Car 0.609801 90 594 128 655
Car 0.247141 46 610 87 674
Van 0.468341 449 605 527 676
Van 0.770720 897 613 955 679
Car 0.869790 805 645 852 707
Car 0.561470 152 697 239 743
Van 0.970699 888 678 947 754
Van 0.834047 222 711 311 762
Car 0.361016 798 693 849 781
Car 0.684439 681 708 731 788
Car 0.373891 758 714 809 784
Car 0.535938 650 749 687 788
Car 0.776335 1295 742 1381 787
