Car 0.564516 630 1 641 12
Car 0.589415 625 13 637 31
Car 0.697891 621 30 633 47
Bus 0.272434 667 19 682 55
Van 0.284645 317 45 341 64
Van 0.270976 317 54 341 75
Car 0.437349 691 55 703 79
Car 0.635579 635 71 645 88
Car 0.699930 610 190 621 211
Car 0.490523 602 259 615 294
Truck 0.581052 656 287 671 337
Pedestrian 0.218381 234 371 241 378
Pedestrian 0.340641 243 372 251 378
Pedestrian 0.249525 235 378 242 385
Pedestrian 0.405044 241 379 249 386
Car 0.898269 623 394 634 432
Pedestrian 0.210396 270 459 278 466
Car 0.920199 576 454 585 476
Bus 0.638845 654 424 675 490
Bus 0.749821 618 450 632 496
Car 0.858515 648 547 660 567
Pedestrian 0.318203 347 626 358 633
Car 0.973710 554 615 569 644
Van 0.430953 606 614 623 661
Car 0.897269 654 652 669 681
Car 0.835170 547 686 561 723
