Bus 0.980104 552 253 644 354
Bus 0.935865 749 687 846 781
Car 0.341276 241 1 267 5
Car 0.910882 313 1 340 18
Car 0.573408 276 16 303 47
Car 0.907783 298 44 324 71
Van 0.839146 237 55 265 91
Car 0.853128 378 67 410 98
Car 0.915966 329 83 357 112
Car 0.607342 363 92 398 122
Car 0.822256 446 100 475 138
Car 0.497625 354 112 388 145
Car 0.752014 418 107 449 145
Van 0.852905 305 129 338 160
Van 0.376112 185 149 212 180
Car 0.940785 405 137 437 171
Car 0.218284 716 143 749 177
Van 0.402460 382 152 418 183
Bus 0.471976 441 149 494 205
Car 0.455879 533 161 564 197
Pedestrian 0.285260 907 170 914 181
Pedestrian 0.739619 918 166 926 177
Car 0.746067 495 170 522 196
Car 0.969865 410 190 441 222
Car 0.605127 442 184 467 217
Bus 0.845465 471 177 512 233
Bus 0.959739 632 172 698 247
Car 0.209772 304 220 337 251
Car 0.802526 524 214 555 247
Car 0.593923 282 239 318 272
Car 0.818036 411 240 438 267
Van 0.648375 467 236 495 273
Pedestrian 0.806888 766 242 772 253
Car 0.405115 472 241 500 276
Car 0.974014 508 244 534 281
Pedestrian 0.268369 1026 274 1033 286
Van 0.906952 488 282 509 316
Bus 0.976670 700 253 767 331
Van 0.977125 520 297 545 340
Van 0.506706 500 357 535 397
Van 0.971938 583 465 624 510
Car 0.971865 740 530 777 568
Car 0.215738 271 572 309 603
Car 0.939986 561 567 599 612
Van 0.569476 302 599 346 637
Bus 0.642861 727 583 801 643
Van 0.781058 343 621 380 655
Car 0.991445 903 662 942 704
Car 0.860759 478 677 517 718
Car 0.955990 879 687 920 734
Van 0.484107 330 716 382 752
Van 0.429676 296 748 386 786
Motor 0.864832 697 757 711 772
Car 0.627342 756 755 797 788
Van 0.775602 1071 743 1096 784
