Car 0.581035 713 349 718 356
Car 0.245047 732 351 737 359
Car 0.522535 713 364 720 373
Car 0.728230 728 371 734 379
Car 0.321444 764 364 771 374
Car 0.603918 730 385 738 395
Car 0.659351 763 390 771 401
Car 0.599081 772 404 782 418
Car 0.423645 786 403 793 414
Car 0.781144 771 419 780 432
Pedestrian 0.566185 812 431 818 440
Car 0.652119 793 443 805 457
Pedestrian 0.712036 826 451 831 462
Truck 0.671251 705 461 718 486
Car 0.648812 738 462 751 480
Pedestrian 0.286767 676 491 681 503
Car 0.804542 821 493 838 511
Pedestrian 0.669768 679 511 684 524
Pedestrian 0.893383 862 512 869 525
Car 0.944821 818 549 837 571
Pedestrian 0.618583 667 567 673 582
Pedestrian 0.334155 877 576 884 589
Pedestrian 0.884596 887 574 895 587
Pedestrian 0.720291 694 589 702 604
Motor 0.518033 870 582 879 595
Pedestrian 0.844568 903 591 911 606
Van 0.951978 739 641 761 680
Car 0.871835 781 717 813 764
Car 0.993094 734 732 765 781
Pedestrian 0.894159 1126 1007 1147 1036
