Truck 0.451099 971 -1 1027 45
Car 0.804878 2 61 26 99
Car 0.789102 158 102 197 135
Car 0.226154 0 109 14 145
Car 0.730020 71 123 107 157
Car 0.904741 282 131 325 169
Car 0.589273 907 141 939 180
Van 0.288298 1285 162 1331 219
Van 0.621376 1267 179 1306 229
Bus 0.851900 239 197 312 252
Truck 0.384135 1340 193 1390 242
Car 0.932144 80 221 121 253
Van 0.645230 1239 213 1275 251
Car 0.951282 233 238 271 269
Car 0.736802 6 247 42 276
Car 0.293537 -1 267 9 299
Car 0.823505 456 272 494 299
Bus 0.454273 204 304 324 370
Car 0.931310 358 337 407 365
Car 0.937030 833 359 880 383
Car 0.964515 984 383 1032 409
Car 0.902098 471 406 509 429
Car 0.936362 176 415 216 442
Car 0.888261 1359 436 1398 461
Car 0.968424 1284 459 1335 483
Car 0.714041 948 487 984 506
Car 0.496549 1271 502 1320 524
Car 0.978784 1139 510 1186 531
Car 0.874315 1234 642 1288 664
Car 0.423224 123 716 176 741
