Car 0.995344 252 215 325 334
Car 0.825685 622 264 686 393
Car 0.993320 145 378 220 502
Car 0.996660 245 387 324 524
Car 0.889969 608 402 687 532
Car 0.903855 1129 415 1282 503
Car 0.965539 858 526 947 673
Tricycle 0.315683 715 607 819 718
Truck 0.494735 970 590 1234 714
Car 0.963131 1132 704 1317 802
Car 0.730913 1240 801 1392 912
Car 0.908839 379 934 579 1044
Car 0.978050 1203 925 1394 1045
Car 0.954831 261 1 318 64
Car 0.259032 472 14 532 89
Car 0.211164 549 52 616 125
Car 0.995012 262 76 319 184
Car 0.860440 -2 122 73 184
Car 0.922145 -1 185 73 249
Car 0.935413 375 162 422 273
Car 0.588471 603 166 664 253
Car 0.969784 521 198 583 315
Car 0.960264 0 250 93 322
Pedestrian 0.254542 778 293 795 335
Van 0.484735 -1 327 61 421
Pedestrian 0.292276 936 382 956 416
Pedestrian 0.219088 579 425 600 456
Pedestrian 0.365655 725 413 746 454
Pedestrian 0.556666 934 427 958 454
Pedestrian 0.381929 586 430 608 463
Pedestrian 0.391892 787 440 811 470
Pedestrian 0.336393 927 434 952 464
Motor 0.788438 1327 430 1350 477
Car 0.207609 0 419 17 528
Pedestrian 0.282401 967 464 998 493
Pedestrian 0.455199 992 462 1015 488
Pedestrian 0.947589 1077 524 1101 550
Awning-tricycle 0.475316 684 490 752 605
Pedestrian 0.714149 961 540 983 576
Pedestrian 0.231759 1151 543 1177 572
Pedestrian 0.831978 993 557 1013 584
Pedestrian 0.885667 1073 559 1095 581
Pedestrian 0.638221 709 592 736 628
Pedestrian 0.280053 1241 613 1276 648
Car 0.918786 1322 668 1400 757
Pedestrian 0.273703 949 774 977 818
Pedestrian 0.777778 989 790 1022 837
Pedestrian 0.431261 694 844 719 883
Pedestrian 0.278757 888 894 916 940
Pedestrian 0.463807 1159 929 1204 989
