Car 0.868787 280 97 417 193
Car 0.974240 730 194 857 323
Car 0.812861 474 273 639 361
Car 0.993896 1175 310 1325 400
Car 0.999316 1135 384 1317 482
Car 0.981033 141 405 338 489
Car 0.984078 8 486 181 628
Car 0.980196 1072 756 1283 868
Awning-tricycle 0.462084 795 826 900 930
Car 0.275317 1301 839 1397 965
Motor 0.244681 451 2 491 22
Car 0.933757 1046 3 1173 64
Pedestrian 0.451388 299 56 321 95
Car 0.963303 39 41 161 126
Car 0.993081 1078 56 1202 130
Pedestrian 0.686321 647 104 671 148
Pedestrian 0.512722 670 106 694 147
Pedestrian 0.989633 1022 108 1043 155
Pedestrian 0.984420 1049 108 1071 159
Car 0.977145 1148 95 1266 174
Van 0.579819 -2 124 127 208
Car 0.888762 1206 147 1338 227
Car 0.736393 135 181 252 259
Car 0.978578 1278 171 1395 262
Car 0.878687 259 228 397 306
Pedestrian 0.263628 474 263 501 295
Pedestrian 0.458597 296 861 335 895
Pedestrian 0.213080 563 1007 603 1044
Pedestrian 0.392326 580 1027 620 1049
