Van 0.412471 1163 0 1186 15
Car 0.687560 929 2 974 29
Car 0.896463 1036 13 1080 34
Van 0.709767 1081 4 1111 29
Car 0.763008 1120 5 1144 32
Pedestrian 0.431355 907 34 915 45
Pedestrian 0.420158 915 33 923 45
Car 0.891638 999 31 1039 53
Car 0.729008 1055 36 1093 56
Car 0.749066 1121 46 1152 71
Car 0.867050 967 53 1003 72
Car 0.881381 1015 63 1054 80
Car 0.814496 1075 58 1112 80
Pedestrian 0.502204 941 211 948 220
Pedestrian 0.214848 1290 216 1301 227
Car 0.976105 422 238 462 260
Car 0.572568 680 249 715 266
Car 0.964584 1000 255 1034 270
Car 0.450580 1296 263 1325 277
Car 0.811364 1031 307 1076 327
Car 0.964036 95 304 123 347
Car 0.977754 688 311 724 328
Van 0.659107 1050 340 1115 363
Van 0.461275 381 364 454 384
Bus 0.794635 126 370 205 406
Bus 0.853571 1200 399 1310 428
Bus 0.695630 196 417 304 446
Van 0.348929 1145 518 1199 558
