Bus 0.977138 568 166 652 279
Car 0.663887 581 0 620 45
Car 0.864963 857 0 881 39
Car 0.817553 884 1 911 45
Van 0.419676 911 3 936 52
Car 0.261515 939 16 962 62
Van 0.604929 943 11 970 67
Bus 0.260672 956 14 988 69
Car 0.955301 637 24 674 74
Car 0.917119 553 59 593 110
Truck 0.748276 878 114 939 177
Car 0.968426 673 155 712 209
Motor 0.536650 800 300 824 330
Van 0.512224 748 300 787 358
Van 0.902297 613 419 653 463
Van 0.793478 727 417 758 467
Car 0.955043 705 525 752 574
Car 0.480160 990 724 1044 751
Car 0.549571 1341 757 1394 783
