Car 0.575919 842 12 851 25
Car 0.204068 931 80 942 95
Car 0.719582 978 77 990 95
Car 0.383070 929 88 940 106
Car 0.208052 948 106 960 125
Car 0.933504 872 136 882 151
Car 0.825193 884 171 895 187
Car 0.655016 958 169 971 185
Car 0.855112 912 189 923 206
Car 0.906299 894 215 904 231
Car 0.958429 898 257 907 275
Van 0.398033 970 264 981 289
Car 0.618190 902 290 912 312
Car 0.695453 908 335 919 355
Car 0.326179 291 348 304 371
Car 0.232137 1042 348 1060 372
Car 0.228631 286 355 299 375
Car 0.796322 277 378 291 398
Van 0.451284 1005 375 1015 402
Car 0.963161 927 389 939 410
Car 0.396414 259 407 274 427
Car 0.468612 265 404 279 424
Car 0.961277 914 421 928 447
Car 0.622990 246 437 260 457
Car 0.675309 256 450 270 471
Car 0.591668 231 463 245 483
Car 0.952650 944 490 958 516
Van 0.321653 950 539 964 568
Car 0.948012 180 553 201 579
Car 0.789902 951 552 966 581
Car 0.715170 1024 550 1036 575
Car 0.848192 928 565 943 590
Car 0.896335 978 595 991 621
Car 0.486302 1055 607 1068 646
Bus 0.460102 1080 614 1105 703
Car 0.791886 363 660 386 678
Car 0.903191 401 657 428 678
Car 0.689375 456 660 487 678
Car 0.937685 507 664 534 681
Car 0.964626 557 665 582 683
Car 0.612774 913 679 927 707
Car 0.247126 993 671 1009 708
