Car 0.448704 993 0 1010 4
Car 0.981620 814 3 832 30
Bus 0.968172 614 1 638 64
Car 0.308171 983 33 1020 52
Car 0.501418 1253 27 1294 49
Car 0.530056 838 41 855 70
Van 0.364710 986 38 1022 57
Car 0.903643 1368 46 1395 66
Car 0.290978 946 57 967 77
Bus 0.957370 596 72 622 144
Van 0.966578 751 97 774 128
Bus 0.701757 804 108 829 158
Bus 0.949069 680 127 715 222
Car 0.965473 757 196 777 234
Car 0.677910 1238 217 1276 234
Van 0.280121 1030 214 1072 240
Car 0.964502 1120 219 1158 236
Car 0.947771 1179 220 1222 238
Car 0.883014 859 252 879 290
Car 0.822280 817 284 836 323
Car 0.844994 742 313 760 350
Car 0.731277 1120 313 1150 355
Car 0.981985 909 355 931 397
Pedestrian 0.296169 42 398 50 406
Pedestrian 0.359670 59 394 67 403
Car 0.562533 1177 378 1219 423
Car 0.691650 1192 375 1233 417
Car 0.932893 669 399 689 436
Car 0.730612 1254 408 1287 462
Car 0.616844 1208 421 1244 468
Car 0.947662 736 434 756 475
Car 0.928645 1185 432 1221 480
Pedestrian 0.599848 355 476 362 484
Car 0.357296 1020 460 1064 487
Pedestrian 0.472253 204 487 210 494
Car 0.989918 681 485 702 528
Car 0.777897 878 488 900 537
Pedestrian 0.228567 92 518 100 525
Car 0.925330 1260 505 1301 551
Car 0.736736 1288 499 1328 546
Car 0.980268 844 509 866 555
Car 0.636357 1192 520 1233 567
Car 0.984712 800 534 823 576
Car 0.934733 910 542 932 586
Car 0.787723 1119 558 1171 592
Car 0.829876 1064 573 1113 605
Car 0.688109 1264 563 1302 609
Car 0.838572 1289 552 1327 603
Car 0.772025 1213 574 1252 623
Van 0.732072 1125 610 1177 642
Pedestrian 0.395092 179 655 186 661
Car 0.961076 719 637 742 682
Pedestrian 0.212169 218 666 225 672
Pedestrian 0.324031 392 672 399 679
Pedestrian 0.896369 407 673 414 681
Car 0.896350 768 655 791 701
Car 0.884415 1334 646 1379 701
Car 0.693715 1367 640 1399 699
Pedestrian 0.284476 339 689 347 697
Pedestrian 0.978863 389 682 396 690
Pedestrian 0.862190 409 685 416 693
Pedestrian 0.244664 337 696 345 704
Pedestrian 0.218192 389 705 396 712
Pedestrian 0.871032 414 696 421 705
Pedestrian 0.801079 363 714 372 722
Pedestrian 0.609592 381 711 389 720
Car 0.642509 1326 711 1381 770
Car 0.526806 1125 726 1177 764
Car 0.785128 1283 721 1330 777
Van 0.200829 1311 715 1360 777
Truck 0.811310 679 735 711 785
Car 0.939180 848 735 870 788
Car 0.587362 1128 748 1191 784
Car 0.364893 1165 772 1238 787
