Pedestrian 0.552970 391 0 398 6
Pedestrian 0.386326 309 17 316 29
Pedestrian 0.343704 321 17 328 28
Bus 0.234495 752 9 772 45
Car 0.699520 751 21 766 46
Car 0.951698 656 78 669 95
Car 0.975307 761 96 777 122
Car 0.941693 647 153 664 177
Car 0.991572 958 196 1000 214
Car 0.991534 618 202 637 227
Car 0.982925 684 207 705 236
Car 0.986348 776 276 799 308
Car 0.947313 591 364 614 399
Bus 0.953069 705 355 742 454
Bus 0.391076 874 365 907 435
Car 0.985185 618 396 641 430
Car 0.941904 801 485 831 535
Pedestrian 0.350155 234 516 245 531
Pedestrian 0.786589 239 518 251 533
Car 0.904380 936 532 963 579
Car 0.974927 828 652 864 713
Car 0.967548 565 716 603 780
