bird 0.990932 107 189 201 238
boat 0.794537 167 38 242 60
boat 0.513923 11 50 74 77
boat 0.780762 404 57 486 89
boat 0.839836 609 64 639 104
bird 0.636960 248 102 281 136
bird 0.983519 425 123 479 157
bird 0.566314 523 116 546 165
bird 0.909914 455 161 512 186
bird 0.684999 357 160 396 214
bird 0.972521 231 191 264 226
bird 0.854985 413 202 473 289
bird 0.945653 273 234 326 272
boat 0.603812 243 45 288 59
boat 0.846303 468 50 515 63
bird 0.688124 388 111 414 130
bird 0.907842 277 133 322 150
bird 0.517274 504 154 535 177
