clock 0.889848 380 76 542 257
person 0.560850 132 226 573 345
person 0.996122 104 223 143 282
person 0.843936 399 253 423 289
person 0.990729 582 256 611 286
person 0.533239 210 265 236 312
person 0.840931 248 257 285 318
person 0.777303 551 268 580 307
person 0.692994 600 276 627 310
person 0.956519 287 274 326 322
person 0.899618 331 283 366 322
person 0.872972 529 282 559 323
person 0.971952 418 282 468 345
person 0.508827 557 282 611 346
person 0.983197 180 260 218 389
person 0.996641 369 294 418 360
person 0.610124 488 299 545 359
person 0.953910 224 272 267 400
person 0.994463 316 307 375 367
person 0.972525 275 318 317 396
person 0.834217 398 329 458 414
chair 0.815137 262 348 293 418
person 0.924712 334 345 393 424
chair 0.968788 203 372 261 421
chair 0.713282 423 370 459 422
chair 0.533412 278 386 333 423
chair 0.644349 365 388 416 424
person 0.622756 161 238 178 261
person 0.721490 426 230 442 263
person 0.645130 492 252 511 275
person 0.953910 541 254 562 280
bottle 0.619880 387 346 396 367
