person 0.998660 31 24 276 437
person 0.999871 169 34 614 424
diningtable 0.556793 212 246 314 312
person 0.968566 466 112 523 180
person 0.880164 514 140 536 179
person 0.678189 569 110 634 214
person 0.905061 235 131 274 209
person 0.654540 345 141 376 199
person 0.981879 9 112 75 274
person 0.933203 188 131 231 259
person 0.928520 290 127 337 265
diningtable 0.848799 227 201 285 254
tie 0.987595 395 200 430 391
wineglass 0.668207 242 196 250 210
wineglass 0.730683 21 245 37 273
wineglass 0.666927 223 250 238 279
