person 0.994911 472 144 580 461
sportsball 0.978874 487 132 519 165
person 0.501746 49 165 64 234
person 0.991690 155 174 172 232
person 0.903959 297 170 315 229
person 0.979598 314 171 335 230
person 0.942060 358 167 376 232
person 0.997372 30 167 60 253
person 0.997512 175 172 206 241
person 0.979537 330 167 368 261
person 0.981648 377 167 398 242
person 0.989578 414 170 441 248
person 0.732751 427 168 450 252
person 0.972899 455 168 483 260
person 0.976475 555 176 583 246
person 0.998662 210 169 244 275
person 0.668773 0 215 19 299
