person 0.950664 179 84 198 136
person 0.547916 556 89 579 125
person 0.986933 87 110 120 179
person 0.987631 449 116 478 161
person 0.880111 93 221 124 288
person 0.998951 483 212 545 318
person 0.959486 7 238 62 309
person 0.718127 3 18 20 34
person 0.528913 70 22 89 35
person 0.579670 326 25 342 39
person 0.973751 401 70 417 102
person 0.922466 417 74 439 99
person 0.736774 494 76 510 100
person 0.678562 511 76 535 100
person 0.862199 448 77 468 107
person 0.734226 464 85 481 111
person 0.675109 534 84 555 112
person 0.617855 568 84 584 114
person 0.602605 484 91 503 117
person 0.669901 517 94 537 116
person 0.887903 510 123 531 140
person 0.758941 567 121 585 145
tennisracket 0.854274 100 131 128 140
person 0.569827 576 126 593 148
person 0.709057 590 125 608 148
person 0.702582 606 126 625 150
person 0.686335 620 126 637 149
sportsball 0.963631 388 198 395 203
tennisracket 0.862747 485 219 502 238
