umbrella 0.614307 353 131 473 179
horse 0.993432 334 152 533 348
bench 0.995936 507 234 626 287
person 0.636028 544 164 574 195
person 0.608701 12 194 32 259
person 0.926305 70 196 85 261
person 0.926744 81 197 101 260
person 0.949513 113 194 131 255
person 0.979581 34 203 53 263
person 0.872900 202 189 239 286
person 0.959171 486 212 539 284
person 0.879298 528 172 544 204
person 0.504798 595 179 614 197
person 0.549013 131 191 143 219
person 0.778305 157 194 169 217
person 0.918522 264 196 282 218
