motorbike 0.996047 179 257 326 361
car 0.716813 167 220 218 244
person 0.869863 7 217 31 262
person 0.633300 25 223 48 265
person 0.775036 283 212 303 267
person 0.873191 347 229 372 261
person 0.904446 553 229 580 261
person 0.960147 44 223 77 283
person 0.857921 365 227 391 275
motorbike 0.980435 395 240 464 337
motorbike 0.845607 564 250 628 322
motorbike 0.945727 309 250 376 349
motorbike 0.953443 350 255 408 340
motorbike 0.787731 435 254 489 337
motorbike 0.914914 466 254 526 336
motorbike 0.791047 520 262 574 330
motorbike 0.730638 29 265 93 377
motorbike 0.884831 84 256 158 385
motorbike 0.896954 133 264 193 373
person 0.811015 596 220 610 258
person 0.629565 445 245 461 265
