book 0.517949 420 67 568 313
chair 0.990845 247 244 349 322
bed 0.993659 -8 272 398 471
book 0.679388 523 146 551 179
pottedplant 0.964468 186 135 238 228
book 0.566308 485 250 510 285
book 0.819888 498 249 527 286
book 0.801179 515 249 546 287
pottedplant 0.987314 340 220 429 350
book 0.515531 531 49 537 79
book 0.513364 540 47 546 80
book 0.542929 530 100 537 132
book 0.636897 489 150 525 161
book 0.666174 491 156 525 166
book 0.510443 471 151 481 180
book 0.505989 476 153 490 180
book 0.553251 491 164 528 172
book 0.500869 491 170 531 178
book 0.541331 455 196 460 225
book 0.541291 488 198 496 225
book 0.563348 496 197 503 226
book 0.580258 523 194 529 225
book 0.555583 531 194 537 225
book 0.600938 461 253 472 286
book 0.510601 476 253 490 286
book 0.509582 463 294 470 338
book 0.554941 471 294 479 338
