pottedplant 0.964352 0 89 117 316
pottedplant 0.929086 412 141 501 255
chair 0.961170 187 234 368 332
chair 0.678671 0 279 111 330
book 0.680823 71 118 78 147
book 0.524709 79 119 84 147
book 0.598875 85 119 91 147
book 0.722061 92 117 98 147
book 0.694629 98 119 104 147
book 0.535839 105 119 110 146
book 0.540038 112 119 117 146
book 0.523413 414 122 420 150
book 0.626826 420 121 428 150
book 0.668502 427 123 433 151
book 0.731353 85 159 90 187
book 0.724181 92 158 97 186
book 0.544910 420 160 427 188
book 0.674276 426 160 434 188
