diningtable 0.977326 162 161 398 259
person 0.999606 336 130 478 342
person 0.997191 67 104 228 398
chair 0.947238 67 221 176 380
chair 0.997762 218 255 342 425
person 0.934218 334 59 362 99
person 0.951950 371 55 407 129
person 0.846889 413 68 459 141
person 0.859173 456 56 495 154
person 0.996492 277 92 332 150
chair 0.710621 147 104 176 151
person 0.821975 218 100 264 171
chair 0.680507 110 105 147 190
person 0.994454 192 106 233 194
person 0.983621 344 99 406 198
chair 0.884126 474 114 515 187
person 0.920961 368 115 429 206
person 0.927281 516 97 575 248
person 0.574917 561 112 635 236
person 0.721643 24 123 86 243
person 0.973721 142 117 211 250
chair 0.975406 553 183 637 293
clock 0.642452 235 -1 265 25
person 0.890636 225 62 253 84
chair 0.511364 69 108 89 132
chair 0.596951 14 143 32 160
cup 0.716512 253 160 264 172
cup 0.784507 233 170 247 189
