person 0.994421 289 58 309 92
person 0.841172 444 53 470 86
person 0.982628 340 51 378 116
person 0.755746 124 48 169 136
person 0.982053 376 68 434 120
donut 0.959767 64 199 104 224
donut 0.988886 85 206 122 232
donut 0.922934 143 178 174 194
donut 0.928432 102 179 137 200
donut 0.900659 177 181 207 195
donut 0.878483 215 181 241 194
donut 0.585417 240 183 268 195
donut 0.939765 162 187 195 201
donut 0.972599 202 187 230 201
donut 0.917289 232 187 261 200
donut 0.947682 260 187 288 200
donut 0.996035 120 188 155 208
