person 0.908516 25 -1 614 118
person 0.679755 -1 4 13 59
person 0.958663 449 156 482 206
person 0.993042 207 195 238 279
person 0.609755 66 217 115 301
person 0.900696 20 318 44 375
person 0.784400 118 313 146 379
chair 0.985682 180 327 209 369
chair 0.983527 208 329 239 368
person 0.959236 519 387 555 432
person 0.560122 577 431 606 467
person 0.557021 602 423 638 472
person 0.543289 166 447 218 479
person 0.763654 200 444 250 478
person 0.714141 477 443 512 478
person 0.544130 531 441 566 476
person 0.637177 43 -1 61 21
person 0.614523 60 -1 79 19
person 0.539961 105 5 122 37
person 0.579435 222 19 239 47
person 0.658178 72 33 89 62
person 0.787650 548 38 571 65
person 0.576272 179 48 195 72
person 0.697752 194 48 212 74
person 0.648575 212 48 229 74
person 0.508843 266 45 281 74
person 0.555413 280 47 296 73
person 0.544553 399 46 418 75
person 0.651970 440 46 458 75
person 0.511638 455 48 472 74
person 0.781167 97 62 116 92
person 0.687611 61 78 77 103
person 0.722550 386 74 407 105
person 0.760648 416 76 437 104
person 0.943174 168 91 188 109
person 0.758653 186 91 202 109
person 0.900746 199 91 216 108
person 0.966858 229 86 248 108
person 0.957199 257 88 274 108
person 0.952626 299 87 317 107
person 0.763713 316 87 330 106
person 0.900649 329 87 346 106
person 0.875433 401 87 421 109
person 0.976353 432 88 452 109
person 0.903690 462 90 481 109
person 0.732023 568 84 590 108
person 0.559770 587 84 617 108
person 0.513652 617 83 637 109
person 0.929250 43 93 67 111
person 0.692246 98 97 123 111
person 0.609305 507 91 523 110
person 0.895526 520 94 541 112
sportsball 0.801016 175 161 181 164
tennisracket 0.943261 183 218 211 232
backpack 0.612338 157 349 185 376
backpack 0.553883 232 351 262 374
