car 0.968638 315 336 411 394
car 0.911818 0 353 105 434
car 0.947063 14 355 276 438
car 0.969300 44 336 115 358
car 0.961215 179 333 210 368
car 0.886841 210 331 272 375
person 0.938402 233 335 259 381
car 0.941205 249 342 302 379
car 0.955411 388 332 450 387
car 0.900262 438 331 520 396
person 0.766789 581 345 602 384
person 0.635066 604 344 622 383
car 0.979021 1 339 36 353
car 0.989847 141 342 181 365
person 0.545760 566 343 582 360
person 0.830236 301 336 314 377
chair 0.589292 526 358 541 382
chair 0.654517 537 358 549 383
