boat 0.815445 402 55 489 86
bird 0.990629 105 190 199 239
bird 0.943595 407 206 470 295
boat 0.513132 169 39 242 61
boat 0.660532 243 42 286 59
boat 0.500995 275 44 326 62
boat 0.789729 468 49 512 63
boat 0.807786 611 68 640 104
bird 0.525447 250 105 283 135
bird 0.657057 224 112 253 140
bird 0.793926 279 132 320 150
bird 0.649983 371 128 399 159
bird 0.916164 424 127 478 159
bird 0.548539 329 142 374 163
bird 0.647862 505 153 536 182
bird 0.633891 461 166 509 186
bird 0.810438 234 193 263 228
bird 0.635462 276 232 327 271
