clock 0.530561 363 49 557 252
chair 0.568571 133 238 611 392
person 0.984906 105 223 144 286
person 0.813826 287 272 327 321
person 0.762338 240 263 285 353
person 0.939331 425 282 468 341
person 0.909412 180 264 219 392
person 0.962728 373 294 419 358
person 0.861207 501 296 548 359
person 0.985035 322 307 377 365
person 0.601372 455 311 503 369
chair 0.512456 577 313 621 375
person 0.660773 6 308 71 416
person 0.861649 271 320 324 388
person 0.832010 402 327 458 419
chair 0.825812 217 369 263 424
chair 0.776290 262 356 304 422
person 0.923556 332 356 394 422
person 0.777476 398 254 421 287
person 0.781538 540 255 562 282
person 0.845804 583 255 612 284
person 0.619850 556 268 584 304
person 0.592823 338 286 366 321
person 0.577197 531 282 558 321
chair 0.533398 368 389 410 423
