person 0.803755 11 -2 631 126
person 0.852452 450 156 494 207
person 0.992267 206 197 241 286
person 0.815121 68 221 113 306
person 0.773693 116 316 146 376
person 0.806819 517 389 556 443
person 0.607823 547 35 571 67
person 0.761949 128 65 151 92
person 0.746173 170 90 188 110
person 0.844514 228 85 249 109
person 0.785148 256 86 274 109
person 0.509800 315 88 332 107
person 0.550043 415 78 435 107
person 0.530708 430 90 450 110
person 0.727785 460 89 479 110
person 0.694209 569 82 591 107
person 0.739694 43 94 66 111
person 0.599183 522 95 541 111
tennisracket 0.824119 185 221 213 233
person 0.731661 20 319 46 372
chair 0.946234 177 326 210 369
chair 0.894320 209 328 241 368
backpack 0.714908 157 351 182 377
person 0.504639 204 446 248 479
