person 0.999624 199.3796682357788 195.616455078125 316.8274211883545 519.5990753173828
person 0.997986 16.219017505645752 308.2200241088867 183.90355110168457 537.2519302368164
person 0.980692 408.3003330230713 133.2877254486084 461.2221622467041 299.3806457519531
person 0.884998 285.1429080963135 155.80511093139648 308.00082206726074 215.45804977416992
person 0.796299 318.9807987213135 167.12265014648438 355.0188159942627 217.73704528808594
person 0.781051 95.9233832359314 182.43404388427734 132.40336418151855 242.09552764892578
person 0.727825 65.50559520721436 171.58958435058594 98.7101411819458 243.4894561767578
person 0.621236 168.55353355407715 167.99440383911133 198.47591400146484 224.33008193969727
person 0.588782 148.0378818511963 185.9780502319336 186.48287773132324 237.7151870727539
person 0.557331 18.751215934753418 183.30171585083008 56.98277950286865 245.03366470336914
person 0.511554 272.79979705810547 142.07375526428223 284.4915962219238 175.6330680847168
