person 0.937951 332.3795700073242 93.48878860473633 423.49842071533203 245.59844970703125
person 0.935136 162.58697509765625 216.727294921875 371.314697265625 476.50291442871094
person 0.855543 404.58702087402344 11.534278392791748 501.35955810546875 157.58906364440918
person 0.769989 536.4646530151367 74.48910713195801 639.0425491333008 341.6798973083496
person 0.620255 530.7639312744141 73.54707956314087 576.9513702392578 144.8206901550293
chair 0.960351 477.55706787109375 166.00597858428955 574.6106719970703 331.2146186828613
chair 0.644940 301.4673042297363 153.5661220550537 401.30809783935547 283.6717414855957
chair 0.599845 196.02045059204102 132.61535167694092 246.3844108581543 188.42432498931885
chair 0.523577 370.9836959838867 277.78541564941406 482.63919830322266 475.2341079711914
laptop 0.610835 94.06911849975586 244.96155738830566 211.1351776123047 347.8055477142334
laptop 0.604447 60.20862579345703 350.9164237976074 188.90399932861328 464.66651916503906
