person 0.935565 108.1008529663086 49.85165059566498 124.97886657714844 94.30698347091675
person 0.792580 374.9751281738281 46.34040915966034 393.1622314453125 106.7536690235138
person 0.767791 500.5087661743164 111.7164695262909 598.1730270385742 269.2875888347626
person 0.753135 264.2852020263672 83.16744756698608 298.21441650390625 166.5016269683838
person 0.742817 162.9805564880371 86.0355469584465 202.40110397338867 165.73548889160156
person 0.710504 356.1211395263672 51.452525436878204 373.5188293457031 104.5536949634552
person 0.613868 74.23597812652588 123.22695004940033 96.57771110534668 158.5554848909378
person 0.610653 581.3628387451172 114.62502980232239 616.3626861572266 186.47209858894348
person 0.571889 404.3738555908203 100.21679502725601 502.37335205078125 287.09962487220764
person 0.527990 325.7441711425781 42.849262714385986 341.17530822753906 80.38044452667236
person 0.524289 10.236320495605469 10.158366978168488 600.5105972290039 173.94313073158264
person 0.517485 188.34112167358398 44.275790333747864 199.1868782043457 61.22707688808441
kite 0.899553 156.02642059326172 103.23366236686707 605.6718063354492 342.48392367362976
