person 0.633038 460.3376007080078 346.12866139411926 467.0391845703125 358.8642808198929
person 0.585212 112.19502449035645 344.71981114149094 138.14358711242676 405.8283059000969
person 0.573447 520.6963348388672 349.45299315452576 529.7931671142578 361.3446513414383
person 0.553773 401.5610122680664 347.558839738369 409.8521041870117 362.8371850848198
person 0.544121 566.317253112793 344.90115082263947 574.2409133911133 357.42674708366394
person 0.528713 425.4173278808594 346.5983884334564 432.0269012451172 359.7386816740036
person 0.524946 490.62793731689453 349.3915794491768 497.5033950805664 360.5590496659279
kite 0.956293 363.2051086425781 103.21248276531696 618.2334136962891 288.5785983800888
kite 0.777639 258.57561111450195 161.71009969711304 441.1280822753906 405.2956380844116
kite 0.756399 420.8415985107422 156.32918506860733 622.7944183349609 302.2399027943611
