person 0.959767 477.78709411621094 130.08459967374802 641.1941528320312 422.51820516586304
person 0.898092 76.6368055343628 157.88246208429337 198.28262329101562 397.69260478019714
person 0.882330 371.3512420654297 62.61009764671326 455.30372619628906 191.24467313289642
person 0.780566 26.21152400970459 161.792460501194 151.2069320678711 420.87359261512756
person 0.776083 145.10567665100098 120.26185476779938 232.74524688720703 252.64016461372375
person 0.773976 387.41565704345703 132.84514671564102 455.29064178466797 252.2649278640747
person 0.744257 443.5031509399414 179.10379135608673 530.4291915893555 339.0420445203781
person 0.737702 451.42887115478516 107.90519535541534 539.650764465332 273.07545948028564
person 0.693756 168.30108642578125 134.89304101467133 245.91880798339844 242.11794519424438
person 0.605686 94.0006160736084 145.78997665643692 197.57183074951172 270.92133951187134
person 0.593859 302.99339294433594 67.30635264515877 352.1636962890625 131.14323806762695
cup 0.615257 277.7108955383301 195.07250440120697 299.47500228881836 233.36711847782135
cup 0.600786 286.0637092590332 176.44511532783508 304.9487495422363 208.62617361545563
diningtable 0.947893 138.23843002319336 114.3346985578537 547.4561309814453 428.0795702934265
