person 0.566575 536.0915756225586 226.3890335559845 577.9082107543945 296.1986925601959
motorcycle 0.949248 307.22373962402344 251.57583451271057 395.4998779296875 352.3002827167511
motorcycle 0.836793 407.8392028808594 241.39139223098755 502.9686737060547 339.30791902542114
motorcycle 0.823162 385.23937225341797 236.70123386383057 463.5891342163086 340.24799156188965
motorcycle 0.820878 195.09336471557617 259.9142396450043 321.38954162597656 358.5997636318207
motorcycle 0.783728 106.19863510131836 261.5911912918091 194.29021835327148 379.5445032119751
motorcycle 0.759818 442.10811614990234 244.8612675666809 530.4986953735352 336.08779430389404
motorcycle 0.739079 75.34274101257324 253.77922677993774 161.2530517578125 386.1844000816345
motorcycle 0.735194 8.726725578308105 259.4270601272583 105.67720413208008 396.7977042198181
motorcycle 0.723877 278.078670501709 256.5446472167969 380.8894348144531 358.8683156967163
motorcycle 0.698714 336.7399597167969 246.58189368247986 423.1549072265625 345.39134907722473
motorcycle 0.598705 90.45650482177734 224.99226689338684 596.9282913208008 357.54249453544617
