pottedplant 0.820406 333.8060760498047 221.37179481983185 426.91322326660156 350.1417889595032
bed 0.946332 -6.192054748535156 273.1685811281204 404.93446350097656 476.05210983753204
book 0.972856 415.9443664550781 25.37054604291916 567.1731567382812 349.30840373039246
book 0.916652 456.5966033935547 247.99619007110596 469.44053649902344 287.5147372484207
book 0.903534 482.75962829589844 249.94178241491318 501.36253356933594 286.5007583498955
book 0.800301 526.1043548583984 97.29182374477386 537.0600891113281 131.55903348326683
book 0.778430 521.8906021118164 190.27733919024467 531.4203262329102 229.74616768956184
book 0.774729 528.2843399047852 48.51096323132515 535.105094909668 84.10605320334435
book 0.759443 505.37376403808594 249.65654057264328 536.7510986328125 283.41232734918594
book 0.728707 497.11002349853516 50.38478089123964 504.73690032958984 85.42202916741371
book 0.716594 491.8353271484375 190.97960472106934 501.3874816894531 227.8209723830223
book 0.661867 457.26478576660156 191.38843792676926 467.19451904296875 226.2494648694992
book 0.598723 462.07115173339844 151.87353256344795 471.6431427001953 180.6993683874607
book 0.585109 460.3236389160156 299.192609667778 468.38409423828125 329.28101778030396
book 0.580477 494.4839859008789 100.94412414729595 512.7072525024414 130.37265139818192
