person 0.884071 33.201797008514404 239.82484608888626 54.809980392456055 285.1370639204979
person 0.646260 82.69968032836914 237.39382541179657 99.39350128173828 285.2557427883148
person 0.556993 12.268664836883545 238.63146555423737 29.725496768951416 284.15889859199524
car 0.947011 370.5073547363281 251.1014255285263 507.8101348876953 332.4213157892227
car 0.855760 520.965461730957 257.5413384437561 600.2321243286133 308.1611969470978
car 0.797844 165.32194137573242 245.03966629505157 290.7305335998535 334.4987940788269
car 0.560403 439.5297622680664 249.02094399929047 488.0784225463867 267.9378923177719
car 0.517532 591.4519119262695 251.70339691638947 638.7573623657227 315.0644232034683
bus 0.848465 268.1375503540039 201.43888783454895 394.5022201538086 299.2195854187012
truck 0.643648 109.32755470275879 187.1064611673355 207.259521484375 288.7988020181656
