person 0.854190 178.07622909545898 331.88348138332367 191.81974411010742 366.1270304918289
person 0.821675 291.89340591430664 337.4031813144684 303.4343147277832 369.64402770996094
person 0.728914 491.2617492675781 343.431828558445 509.7346496582031 392.25305193662643
person 0.727420 165.91941833496094 335.34166091680527 175.9210205078125 356.6331028342247
person 0.681338 531.8455505371094 338.65825551748276 541.8679046630859 361.6896930336952
person 0.680067 577.8190231323242 347.45904564857483 601.1881637573242 388.02833366394043
person 0.622228 562.3680877685547 342.7612153291702 573.1851196289062 365.9160910844803
person 0.570073 588.0841064453125 343.58764070272446 601.1441802978516 367.05744940042496
car 0.647991 75.43993473052979 336.9282113313675 102.70648002624512 356.1048126220703
clock 0.893253 312.57158279418945 106.05002883076668 338.87256622314453 128.1986411511898
