person 0.833075 581.9941329956055 343.59554570913315 598.4528732299805 381.8453816771507
person 0.657805 615.4555511474609 344.93387842178345 633.2929992675781 380.6672394275665
person 0.597814 553.4796905517578 346.19294941425323 573.7424468994141 379.49787509441376
car 0.851662 248.1206512451172 341.04687637090683 309.0054702758789 377.71543711423874
car 0.815625 194.12811279296875 334.70995002985 247.95063018798828 373.6436820626259
car 0.739671 394.5123291015625 334.0140982866287 455.14915466308594 386.8890370130539
car 0.730444 169.95479583740234 340.9423227906227 210.86750030517578 369.2894187569618
car 0.579239 218.4576416015625 335.3894441127777 279.10533905029297 375.9397714138031
car 0.572660 -0.9500932693481445 349.5422845482826 106.23275756835938 428.6966901421547
car 0.533914 27.25510597229004 369.2309166789055 279.8541259765625 433.67316967248917
