person 0.959285 344.98634338378906 98.14109802246094 526.8335723876953 470.4262161254883
person 0.814813 431.9767761230469 30.364980697631836 506.0363006591797 159.4437074661255
person 0.785275 24.231982231140137 227.51126289367676 181.3581085205078 470.2232265472412
person 0.775098 71.34130477905273 92.36765384674072 215.3934669494629 347.14799880981445
person 0.772354 292.329158782959 53.566246032714844 340.9605407714844 133.43443393707275
person 0.733503 173.5360336303711 46.98207378387451 277.7573776245117 303.548526763916
person 0.680454 172.5475311279297 35.48674821853638 268.2577133178711 209.6931552886963
person 0.666264 546.5453720092773 127.21577167510986 642.2920227050781 461.1231994628906
person 0.595876 230.42041778564453 243.84750366210938 342.4877166748047 470.19338607788086
person 0.553013 342.8240966796875 57.47900605201721 378.2696533203125 118.19377899169922
person 0.547679 48.78166198730469 80.97784996032715 161.91530227661133 353.1702518463135
