car 0.783650 209.79952216148376 428.4821319580078 271.480366230011 475.40077209472656
car 0.745654 154.51373744010925 417.6198196411133 177.21072602272034 444.3275833129883
car 0.717881 107.98980736732483 423.36021423339844 151.60215830802917 468.5675048828125
car 0.705898 14.403593629598618 436.35189056396484 43.41422188282013 468.9798355102539
car 0.603063 182.49761724472046 417.5495910644531 198.96122646331787 437.3857116699219
car 0.573029 209.07430624961853 412.1207809448242 224.31085348129272 428.5734176635742
car 0.541325 2.074423208832741 436.66675567626953 27.85839933156967 469.6743392944336
trafficlight 0.821964 258.03647661209106 320.32554626464844 265.08620405197144 338.9458465576172
trafficlight 0.803665 269.2975158691406 341.77879333496094 274.65758323669434 360.5695343017578
trafficlight 0.633959 271.27419424057007 346.9037628173828 278.3709282875061 366.80999755859375
trafficlight 0.623697 103.15659308433533 382.1233367919922 112.72938752174377 407.05650329589844
trafficlight 0.604240 164.21208500862122 351.59778594970703 171.65439343452454 371.2015151977539
