baseballbat 0.866202 38.96433126926422 108.53241795301437 396.5506854057312 192.2040832042694
baseballbat 0.795391 94.095019698143 155.90323269367218 376.8367838859558 299.47074043750763
baseballbat 0.789417 92.95553684234619 304.1511104106903 292.64133954048157 506.1531593799591
baseballbat 0.731940 81.57494384050369 181.29340946674347 370.86955976486206 355.81456089019775
baseballbat 0.704005 292.22567224502563 404.35961294174194 505.62929821014404 528.9775071144104
baseballbat 0.701516 16.253010749816895 126.09702408313751 371.31499314308167 526.5624418258667
baseballbat 0.641329 61.95744466781616 228.63173139095306 338.810613155365 478.56521701812744
baseballbat 0.603355 49.17789137363434 276.63918828964233 281.00712382793427 554.417950630188
baseballbat 0.569259 9.055163383483887 31.101489186286926 576.5081412792206 589.1413264274597
baseballbat 0.561318 31.79889464378357 42.09712028503418 393.90934681892395 138.2426619529724
baseballbat 0.533386 306.1321964263916 446.2182762622833 535.2450914382935 582.0212137699127
baseballbat 0.516915 121.87389725446701 267.69743514060974 411.5858037471771 406.0355966091156
baseballbat 0.510294 314.68680810928345 226.25412905216217 573.4510259628296 345.5183050632477
