person 0.996284 88.61143887042999 188.0303750038147 237.95641958713531 322.8086282014847
person 0.995059 267.97524094581604 76.8553092777729 355.18279671669006 298.484915971756
person 0.994716 17.429396510124207 140.2993387877941 124.43146109580994 327.25195848941803
person 0.816324 412.2754633426666 59.2962212562561 445.43805718421936 113.30883246660233
person 0.559595 263.8221085071564 78.0352934896946 295.35266757011414 123.26562657952309
person 0.547999 85.4257196187973 73.4887021780014 141.53960347175598 139.57067620754242
person 0.505384 171.12602293491364 76.43675726652145 216.8394774198532 127.5436697602272
baseballbat 0.763905 297.72505164146423 28.532072827219963 367.07863211631775 99.09946060180664
baseballglove 0.714601 213.2938951253891 228.09890735149384 239.9234026670456 265.2981230020523
baseballglove 0.514797 220.08101642131805 227.91437727212906 242.5396293401718 259.06345957517624
