person 0.999624 199.37968254089355 195.616455078125 316.8274784088135 519.5990753173828
person 0.997986 16.219024658203125 308.2200622558594 183.90353679656982 537.2519683837891
person 0.980692 408.3003330230713 133.28773498535156 461.2222194671631 299.3806457519531
person 0.884998 285.1429080963135 155.80512046813965 308.00082206726074 215.45806884765625
person 0.796299 318.980770111084 167.12268829345703 355.0188446044922 217.7370834350586
person 0.781052 95.92337608337402 182.43404388427734 132.4033784866333 242.09552764892578
person 0.727825 65.5056095123291 171.5895652770996 98.71015548706055 243.48943710327148
person 0.621236 168.55353355407715 167.99440383911133 198.47591400146484 224.33008193969727
person 0.588783 148.0378818511963 185.9780502319336 186.48287773132324 237.7151870727539
person 0.557331 18.751221299171448 183.30169677734375 56.98277950286865 245.03368377685547
person 0.511554 272.79979705810547 142.0737648010254 284.4915962219238 175.63308715820312
