person 0.937951 332.3795700073242 93.48878145217896 423.49842071533203 245.59847831726074
person 0.935136 162.58691787719727 216.72723770141602 371.314697265625 476.50291442871094
person 0.855543 404.58702087402344 11.534285545349121 501.35955810546875 157.58907794952393
person 0.769989 536.4646530151367 74.4891357421875 639.0426254272461 341.6798973083496
person 0.620254 530.7639694213867 73.5470724105835 576.9514083862305 144.8206901550293
chair 0.960351 477.55706787109375 166.0060214996338 574.6106719970703 331.2146472930908
chair 0.644941 301.4673614501953 153.5661792755127 401.3081359863281 283.6717128753662
chair 0.599845 196.0204315185547 132.61535167694092 246.38439178466797 188.42432498931885
chair 0.523577 370.98365783691406 277.78541564941406 482.6392364501953 475.2341079711914
laptop 0.610834 94.06915664672852 244.96158599853516 211.13515853881836 347.8055763244629
laptop 0.604447 60.208611488342285 350.9164810180664 188.90403747558594 464.66657638549805
