person 0.935564 108.10086250305176 49.85165059566498 124.9788761138916 94.30699551105499
person 0.792580 374.9751663208008 46.34041517972946 393.16226959228516 106.75369310379028
person 0.767791 500.5087661743164 111.71648156642914 598.1730270385742 269.2875647544861
person 0.753135 264.2852020263672 83.16747164726257 298.21441650390625 166.50165104866028
person 0.742817 162.9805564880371 86.03556501865387 202.40114212036133 165.7355250120163
person 0.710505 356.1211395263672 51.45253747701645 373.5188293457031 104.5536949634552
person 0.613868 74.2359972000122 123.22695004940033 96.57773017883301 158.5554848909378
person 0.610654 581.3628387451172 114.62502980232239 616.3626861572266 186.472074508667
person 0.571889 404.37389373779297 100.21678900718689 502.3733901977539 287.09962487220764
person 0.527990 325.7441711425781 42.84926873445511 341.17530822753906 80.38045054674149
person 0.524288 10.236358642578125 10.158391058444977 600.5105590820312 173.94310665130615
person 0.517484 188.3411407470703 44.275796353816986 199.18689727783203 61.227082908153534
kite 0.899553 156.0264015197754 103.23365032672882 605.6716918945312 342.48394775390625
