person 0.633039 460.3376007080078 346.1286868453026 467.0391845703125 358.8643062710762
person 0.585212 112.19504356384277 344.7198620438576 138.1436061859131 405.8283059000969
person 0.573447 520.6963348388672 349.4530186057091 529.7932434082031 361.3446767926216
person 0.553773 401.56097412109375 347.5588651895523 409.85206604003906 362.8372105360031
person 0.544120 566.3172912597656 344.9011762738228 574.2409515380859 357.42677253484726
person 0.528713 425.4173278808594 346.5983884334564 432.0269012451172 359.73873257637024
person 0.524946 490.62793731689453 349.3915794491768 497.5033950805664 360.5591005682945
kite 0.956293 363.2051086425781 103.21250185370445 618.2334136962891 288.57854747772217
kite 0.777639 258.5755920410156 161.71009969711304 441.1280822753906 405.2956380844116
kite 0.756399 420.8415985107422 156.32921051979065 622.7944183349609 302.2398773431778
