person 0.959767 477.7871322631836 130.0846631526947 641.1941528320312 422.51820516586304
person 0.898093 76.63681030273438 157.8824366927147 198.28264236450195 397.6925539970398
person 0.882330 371.3512420654297 62.610103994607925 455.30372619628906 191.24467313289642
person 0.780566 26.2115478515625 161.792460501194 151.20695114135742 420.87359261512756
person 0.776083 145.10568618774414 120.26185476779938 232.74526596069336 252.64016461372375
person 0.773976 387.4156951904297 132.84514671564102 455.2906036376953 252.2649278640747
person 0.744257 443.50318908691406 179.10376596450806 530.4291534423828 339.0420699119568
person 0.737702 451.4289093017578 107.90520805120468 539.6507263183594 273.07545948028564
person 0.693756 168.30108642578125 134.89304101467133 245.91880798339844 242.11794519424438
person 0.605685 94.00063514709473 145.78996396064758 197.57183074951172 270.92133951187134
person 0.593859 302.99341201782227 67.3063462972641 352.1636962890625 131.14326345920563
cup 0.615257 277.7109146118164 195.0725170969963 299.47498321533203 233.36709308624268
cup 0.600786 286.0637092590332 176.44511532783508 304.9487495422363 208.62617361545563
diningtable 0.947893 138.23835372924805 114.3346985578537 547.4561309814453 428.0795702934265
