person 0.566574 536.0916519165039 226.3890335559845 577.9082107543945 296.1986925601959
motorcycle 0.949248 307.22381591796875 251.5758090019226 395.4999542236328 352.30030822753906
motorcycle 0.836793 407.8391647338867 241.39139223098755 502.96871185302734 339.30791902542114
motorcycle 0.823162 385.2394104003906 236.70123386383057 463.58909606933594 340.24799156188965
motorcycle 0.820877 195.09332656860352 259.9142141342163 321.3895797729492 358.59978914260864
motorcycle 0.783728 106.19867324829102 261.591242313385 194.29019927978516 379.5445032119751
motorcycle 0.759818 442.108154296875 244.86124205589294 530.4986572265625 336.0877687931061
motorcycle 0.739080 75.34271717071533 253.7792522907257 161.25303268432617 386.1844255924225
motorcycle 0.735194 8.72673511505127 259.42711114883423 105.6772232055664 396.7977042198181
motorcycle 0.723876 278.0786895751953 256.5446217060089 380.8894348144531 358.86829018592834
motorcycle 0.698714 336.7399215698242 246.58189368247986 423.15486907958984 345.39134907722473
motorcycle 0.598705 90.45650482177734 224.99224138259888 596.9283676147461 357.5424690246582
