pottedplant 0.820407 333.8059997558594 221.37182360887527 426.91322326660156 350.1418177485466
bed 0.946332 -6.192054748535156 273.1686387062073 404.93446350097656 476.0521674156189
book 0.972856 415.9443664550781 25.370560437440872 567.1731567382812 349.3084613084793
book 0.916653 456.5966033935547 247.99619007110596 469.44053649902344 287.5147372484207
book 0.903534 482.7596664428711 249.94178241491318 501.3625717163086 286.5007583498955
book 0.800301 526.1043930053711 97.29183094203472 537.0601272583008 131.55903348326683
book 0.778430 521.8906402587891 190.27733919024467 531.4203643798828 229.74616768956184
book 0.774730 528.2843780517578 48.51095963269472 535.1051330566406 84.10605320334435
book 0.759443 505.3737258911133 249.65654057264328 536.7511367797852 283.41232734918594
book 0.728707 497.11002349853516 50.384795285761356 504.73690032958984 85.42204356193542
book 0.716594 491.83536529541016 190.97960472106934 501.3875198364258 227.8209723830223
book 0.661867 457.26478576660156 191.38842353224754 467.19451904296875 226.24947926402092
book 0.598724 462.07115173339844 151.87356135249138 471.6431427001953 180.6993683874607
book 0.585109 460.32360076904297 299.19263845682144 468.3841323852539 329.28098899126053
book 0.580477 494.48402404785156 100.94413134455681 512.7072906494141 130.37265139818192
