person 0.884071 33.20179462432861 239.82482063770294 54.80998516082764 285.1370893716812
person 0.646260 82.69968032836914 237.39377450942993 99.39352035522461 285.2557427883148
person 0.556993 12.268662452697754 238.63146555423737 29.725494384765625 284.15889859199524
car 0.947011 370.50731658935547 251.101400077343 507.81017303466797 332.42134124040604
car 0.855760 520.9655380249023 257.5413638949394 600.2321243286133 308.16117149591446
car 0.797844 165.32196044921875 245.03966629505157 290.7305145263672 334.4987940788269
car 0.560403 439.5297622680664 249.02091854810715 488.0784225463867 267.93791776895523
car 0.517532 591.4518737792969 251.70342236757278 638.7574005126953 315.064397752285
bus 0.848465 268.13758850097656 201.43891328573227 394.50225830078125 299.2196108698845
truck 0.643647 109.32757377624512 187.1064611673355 207.259521484375 288.7988020181656
