person 0.854190 178.07626724243164 331.883506834507 191.81974411010742 366.12705594301224
person 0.821675 291.89340591430664 337.4032067656517 303.4343147277832 369.64405316114426
person 0.728914 491.26182556152344 343.4318794608116 509.7346496582031 392.25305193662643
person 0.727420 165.91941833496094 335.3416863679886 175.9210205078125 356.633128285408
person 0.681338 531.845588684082 338.6582809686661 541.8679428100586 361.68971848487854
person 0.680068 577.8190231323242 347.45909655094147 601.1881637573242 388.02838456630707
person 0.622228 562.3681259155273 342.76124078035355 573.1851577758789 365.9161165356636
person 0.570073 588.0840682983398 343.5876661539078 601.1442184448242 367.0574748516083
car 0.647991 75.43994426727295 336.9282113313675 102.70649909973145 356.10486352443695
clock 0.893252 312.57158279418945 106.05002246797085 338.8726043701172 128.1986411511898
