person 0.833075 581.9940948486328 343.5955717563629 598.4529113769531 381.8454077243805
person 0.657806 615.4555511474609 344.9339044690132 633.2929992675781 380.6672654747963
person 0.597814 553.4797286987305 346.19294941425323 573.7424850463867 379.4979271888733
car 0.851662 248.1206512451172 341.04687637090683 309.0054702758789 377.7154892086983
car 0.815626 194.12811279296875 334.7099760770798 247.95066833496094 373.64370810985565
car 0.739671 394.51236724853516 334.0141243338585 455.1491165161133 386.88906306028366
car 0.730444 169.954833984375 340.9423488378525 210.86753845214844 369.2894448041916
car 0.579239 218.45760345458984 335.3894441127777 279.1053771972656 375.93982350826263
car 0.572661 -0.9500932693481445 349.54225850105286 106.2327766418457 428.6966640949249
car 0.533914 27.255125045776367 369.2309166789055 279.8541259765625 433.6732217669487
