person 0.959285 344.9863052368164 98.14112663269043 526.8335342407227 470.4262447357178
person 0.814813 431.9767761230469 30.364995002746582 506.0363006591797 159.4437074661255
person 0.785276 24.23196792602539 227.511248588562 181.35808944702148 470.2232551574707
person 0.775098 71.341233253479 92.36763954162598 215.39344787597656 347.14802742004395
person 0.772354 292.3291778564453 53.56624960899353 340.9605407714844 133.434476852417
person 0.733502 173.5360336303711 46.98207378387451 277.7573776245117 303.54846954345703
person 0.680455 172.5475311279297 35.486719608306885 268.2577133178711 209.6931266784668
person 0.666264 546.5453720092773 127.21568584442139 642.2920227050781 461.1231994628906
person 0.595876 230.42041778564453 243.84750366210938 342.4877166748047 470.19338607788086
person 0.553014 342.82405853271484 57.47900605201721 378.26961517333984 118.19379329681396
person 0.547679 48.78169059753418 80.97789287567139 161.9153594970703 353.17028045654297
