car 0.783650 209.79950952529907 428.4821319580078 271.480366230011 475.4008483886719
car 0.745653 154.51373744010925 417.6198196411133 177.21072602272034 444.32750701904297
car 0.717881 107.98980736732483 423.36021423339844 151.60218358039856 468.5675048828125
car 0.705898 14.403593629598618 436.35189056396484 43.414228200912476 468.9798355102539
car 0.603063 182.49761724472046 417.5496292114258 198.96122646331787 437.3856735229492
car 0.573028 209.07430624961853 412.12085723876953 224.31085348129272 428.5734176635742
car 0.541325 2.0744216293096542 436.66675567626953 27.85837721824646 469.6743392944336
trafficlight 0.821963 258.03647661209106 320.3255844116211 265.08620405197144 338.94580841064453
trafficlight 0.803665 269.2975158691406 341.77879333496094 274.65758323669434 360.5695343017578
trafficlight 0.633959 271.27419424057007 346.9037628173828 278.3709282875061 366.80999755859375
trafficlight 0.623697 103.15661203861237 382.1233367919922 112.72940015792847 407.05650329589844
trafficlight 0.604240 164.21208500862122 351.59778594970703 171.65439343452454 371.2015151977539
