baseballbat 0.866203 38.96431303024292 108.53240883350372 396.5506854057312 192.2040649652481
baseballbat 0.795391 94.09506529569626 155.90325093269348 376.8367838859558 299.4707221984863
baseballbat 0.789416 92.95556420087814 304.1511468887329 292.6414124965668 506.1531958580017
baseballbat 0.731941 81.5750167965889 181.29342770576477 370.86955976486206 355.81459736824036
baseballbat 0.704004 292.22563576698303 404.35953998565674 505.62933468818665 528.9775071144104
baseballbat 0.701515 16.253010749816895 126.09700584411621 371.31502962112427 526.5624418258667
baseballbat 0.641330 61.95744466781616 228.63174962997437 338.8106496334076 478.56521701812744
baseballbat 0.603355 49.17788225412369 276.63920652866364 281.00714206695557 554.4180235862732
baseballbat 0.569259 9.055181622505188 31.101489186286926 576.5081777572632 589.1413264274597
baseballbat 0.561320 31.79891288280487 42.09715220332146 393.90938329696655 138.24269843101501
baseballbat 0.533385 306.1322329044342 446.2182762622833 535.2452008724213 582.0212867259979
baseballbat 0.516914 121.87386989593506 267.69743514060974 411.5858402252197 406.0355966091156
baseballbat 0.510294 314.68669867515564 226.25412905216217 573.4510624408722 345.5182685852051
