person 0.996284 88.61146867275238 188.0303750038147 237.9564791917801 322.8086282014847
person 0.995059 267.9752707481384 76.8553092777729 355.18282651901245 298.484915971756
person 0.994716 17.42938905954361 140.29932886362076 124.43145364522934 327.25197833776474
person 0.816324 412.275493144989 59.29621133208275 445.43808698654175 113.30884239077568
person 0.559595 263.82213830947876 78.0352934896946 295.35263776779175 123.26562657952309
person 0.547999 85.4257345199585 73.4887021780014 141.53960347175598 139.57067620754242
person 0.505385 171.12602293491364 76.43676719069481 216.8394774198532 127.54367968440056
baseballbat 0.763906 297.7250814437866 28.532085232436657 367.07860231399536 99.09946060180664
baseballglove 0.714601 213.2938951253891 228.09894704818726 239.9234026670456 265.2981230020523
baseballglove 0.514796 220.08101642131805 227.91435742378235 242.5396293401718 259.06347942352295
