person 0.703446 483 50 523 145
person 0.542182 577 46 626 138
person 0.776308 217 70 269 165
person 0.517401 352 73 395 162
person 0.839450 411 60 459 175
person 0.903979 269 48 318 224
person 0.970289 509 102 564 204
person 0.861862 81 115 133 238
person 0.706188 346 130 407 224
person 0.777977 0 137 55 275
person 0.976233 96 120 208 286
person 0.852969 588 83 634 330
person 0.882927 316 171 393 268
person 0.744053 451 143 526 307
person 0.941410 213 145 291 352
person 0.994054 48 231 154 432
person 0.996948 373 220 501 433
person 0.992226 481 235 627 427
person 0.992453 1 268 75 425
person 0.993691 137 271 276 423
person 0.998111 244 268 356 424
person 0.962642 336 295 445 424
