diningtable 0.700695 380 140 562 279
person 0.995938 148 222 373 473
laptop 0.994276 29 340 208 462
person 0.956761 406 18 511 151
person 0.615610 535 70 581 154
chair 0.966147 193 127 260 190
person 0.997657 338 94 440 256
person 0.949035 531 63 640 291
chair 0.969192 298 147 394 270
chair 0.541227 281 204 328 308
chair 0.989991 478 174 575 323
laptop 0.998629 86 251 212 338
chair 0.991976 416 290 484 457
tvmonitor 0.825783 192 79 240 118
cup 0.623106 89 317 117 366
bottle 0.544128 34 416 74 477
