person 0.747071 -19 21 482 255
person 0.565771 61 30 113 109
person 0.633058 114 29 164 108
person 0.616857 162 27 211 112
person 0.554426 211 23 257 107
person 0.520006 310 26 357 108
person 0.749683 346 27 394 110
person 0.892111 390 30 439 105
person 0.570550 142 82 189 151
person 0.677227 226 67 281 150
person 0.631076 281 78 325 147
person 0.658132 318 85 366 148
person 0.664296 5 93 51 161
person 0.650145 42 88 97 160
person 0.506606 95 87 145 161
person 0.727491 407 82 452 163
person 0.632812 444 90 492 170
person 0.532492 183 114 224 207
person 0.629385 144 125 190 221
person 0.639815 212 127 257 217
person 0.674055 248 125 292 224
person 0.623283 286 122 325 226
person 0.686156 319 127 360 225
person 0.811003 391 128 436 219
person 0.845538 108 123 152 254
person 0.620848 354 130 399 240
person 0.947974 3 133 43 279
person 0.745896 35 130 83 278
person 0.600401 63 133 112 277
person 0.979903 430 132 481 277
person 0.996155 327 191 389 287
person 0.984386 386 193 453 286
person 0.954364 71 199 134 299
person 0.989773 144 194 214 296
person 0.988716 198 195 265 290
person 0.982707 255 197 328 288
tie 0.515726 283 51 289 61
tie 0.733692 331 59 336 71
