diningtable 0.741682 181 154 387 250
person 0.978589 67 107 248 376
person 0.965108 278 92 335 152
person 0.788187 211 100 266 178
person 0.964185 332 92 399 183
person 0.631281 22 114 82 250
person 0.872674 142 116 221 245
person 0.849853 517 102 586 260
chair 0.688336 509 143 554 257
person 0.998340 331 136 475 349
chair 0.941607 559 187 633 291
chair 0.935975 76 235 193 386
chair 0.998451 219 263 341 421
person 0.504301 83 74 111 105
person 0.688221 111 73 153 111
chair 0.506472 146 104 180 137
tie 0.730160 412 173 432 214
