person 0.517532 34 -43 648 479
person 0.962605 199 196 242 279
person 0.879042 66 222 117 294
person 0.619955 128 66 149 92
person 0.657122 172 92 190 110
person 0.551229 191 91 208 109
person 0.707912 226 87 245 108
person 0.586061 255 90 274 107
person 0.507517 431 88 451 109
person 0.601496 459 92 480 110
sportsball 0.699425 175 160 181 164
person 0.935900 455 158 488 208
tennisracket 0.793286 185 218 207 232
person 0.808969 22 320 49 370
person 0.802318 120 314 148 374
person 0.839628 521 388 556 439
