person 0.999624 199.3796682357788 195.61647415161133 316.8274211883545 519.5990753173828
person 0.997986 16.219024658203125 308.2200241088867 183.90353679656982 537.2519302368164
person 0.980692 408.3003044128418 133.28773498535156 461.2221336364746 299.3806457519531
person 0.884998 285.142879486084 155.80510139465332 308.00079345703125 215.45806884765625
person 0.796299 318.9807415008545 167.12263107299805 355.0188159942627 217.73706436157227
person 0.781051 95.92336893081665 182.43402481079102 132.40336418151855 242.09550857543945
person 0.727824 65.50560235977173 171.58954620361328 98.71014833450317 243.48941802978516
person 0.621236 168.55353355407715 167.994384765625 198.47591400146484 224.3301010131836
person 0.588782 148.03783893585205 185.97801208496094 186.4828634262085 237.7151870727539
person 0.557331 18.751210570335388 183.30167770385742 56.982786655426025 245.03366470336914
person 0.511553 272.79979705810547 142.0737361907959 284.4915962219238 175.63308715820312
