person 0.937951 332.37953186035156 93.48874568939209 423.4983825683594 245.59844970703125
person 0.935136 162.5870132446289 216.72728061676025 371.31465911865234 476.50291442871094
person 0.855543 404.5869445800781 11.534264087677002 501.35948181152344 157.58909225463867
person 0.769989 536.4646911621094 74.48907852172852 639.0425872802734 341.6799259185791
person 0.620254 530.7638931274414 73.54708671569824 576.9513320922852 144.82067584991455
chair 0.960351 477.55699157714844 166.0059928894043 574.6106719970703 331.2146186828613
chair 0.644940 301.46732330322266 153.56606483459473 401.30809783935547 283.6717128753662
chair 0.599844 196.02041244506836 132.61533737182617 246.38437271118164 188.4243106842041
chair 0.523577 370.98365783691406 277.7853584289551 482.6392364501953 475.2341079711914
laptop 0.610833 94.06913757324219 244.96155738830566 211.13513946533203 347.8055477142334
laptop 0.604447 60.20859718322754 350.9164237976074 188.90399932861328 464.66657638549805
