person 0.935565 108.10084342956543 49.85165059566498 124.97885704040527 94.30698347091675
person 0.792580 374.9751281738281 46.340397119522095 393.1622314453125 106.75368106365204
person 0.767790 500.50872802734375 111.7164454460144 598.1729888916016 269.28761291503906
person 0.753135 264.28518295288086 83.16744756698608 298.21435928344727 166.5016269683838
person 0.742817 162.98053741455078 86.03554093837738 202.401123046875 165.7355250120163
person 0.710504 356.12110137939453 51.45253145694733 373.51879119873047 104.55368292331696
person 0.613869 74.23599243164062 123.22693800926208 96.57772064208984 158.55547285079956
person 0.610653 581.3627624511719 114.6250057220459 616.3626098632812 186.472074508667
person 0.571890 404.37381744384766 100.21679502725601 502.3733901977539 287.09960079193115
person 0.527991 325.7441711425781 42.849256694316864 341.17530822753906 80.38043850660324
person 0.524289 10.23630142211914 10.158366978168488 600.5105590820312 173.94315481185913
person 0.517484 188.34112167358398 44.275790333747864 199.1868782043457 61.22707688808441
kite 0.899553 156.02638244628906 103.23365032672882 605.6717681884766 342.48394775390625
