person 0.633039 460.3375244140625 346.12866139411926 467.0391845703125 358.8642808198929
person 0.585211 112.19503402709961 344.71981114149094 138.1435775756836 405.82825499773026
person 0.573446 520.6962966918945 349.45296770334244 529.7932052612305 361.3446767926216
person 0.553772 401.56097412109375 347.558839738369 409.85206604003906 362.8371850848198
person 0.544121 566.3172149658203 344.90115082263947 574.2408752441406 357.42674708366394
person 0.528713 425.4173278808594 346.5983629822731 432.0269012451172 359.7387071251869
person 0.524945 490.6278991699219 349.39155399799347 497.50335693359375 360.5590751171112
kite 0.956293 363.2051086425781 103.21248276531696 618.2334136962891 288.5785983800888
kite 0.777638 258.57561111450195 161.71012514829636 441.1280822753906 405.2956126332283
kite 0.756399 420.8415985107422 156.32918506860733 622.7943420410156 302.2398518919945
