person 0.959767 477.78709411621094 130.08467584848404 641.1941528320312 422.51820516586304
person 0.898092 76.6368055343628 157.88242399692535 198.28262329101562 397.6925286054611
person 0.882330 371.3512420654297 62.61009129881859 455.30372619628906 191.24464774131775
person 0.780566 26.211538314819336 161.79247319698334 151.2069606781006 420.8735672235489
person 0.776082 145.1056671142578 120.2618293762207 232.74524688720703 252.64019000530243
person 0.773976 387.41565704345703 132.84514671564102 455.29064178466797 252.2649278640747
person 0.744257 443.5031509399414 179.10380405187607 530.4291152954102 339.04201912879944
person 0.737702 451.42887115478516 107.90519535541534 539.6506881713867 273.07543408870697
person 0.693756 168.30106735229492 134.89299023151398 245.9187889099121 242.11794519424438
person 0.605686 94.00060653686523 145.79002743959427 197.57179260253906 270.92133951187134
person 0.593859 302.99341201782227 67.3063462972641 352.1636962890625 131.1432507634163
cup 0.615257 277.7108955383301 195.07250440120697 299.4749641418457 233.367067694664
cup 0.600785 286.0636901855469 176.4450899362564 304.94873046875 208.62614822387695
diningtable 0.947893 138.23829650878906 114.33471125364304 547.4562072753906 428.07951951026917
