person 0.566574 536.0915756225586 226.3890335559845 577.9081344604492 296.19864153862
motorcycle 0.949248 307.22375869750977 251.57583451271057 395.4998779296875 352.300333738327
motorcycle 0.836793 407.83912658691406 241.39139223098755 502.9685974121094 339.30791902542114
motorcycle 0.823162 385.23937225341797 236.70125937461853 463.5891342163086 340.2480170726776
motorcycle 0.820878 195.09332656860352 259.9142396450043 321.38954162597656 358.5997636318207
motorcycle 0.783727 106.19869232177734 261.59121680259705 194.29019927978516 379.54447770118713
motorcycle 0.759818 442.10811614990234 244.8612675666809 530.4986190795898 336.08779430389404
motorcycle 0.739079 75.3427267074585 253.77920126914978 161.25299453735352 386.18437457084656
motorcycle 0.735194 8.726716041564941 259.42708563804626 105.67720413208008 396.7976276874542
motorcycle 0.723877 278.07865142822266 256.5446217060089 380.88939666748047 358.86829018592834
motorcycle 0.698713 336.7399215698242 246.58189368247986 423.15486907958984 345.39134907722473
motorcycle 0.598704 90.45646667480469 224.99219036102295 596.9284057617188 357.5424180030823
