pottedplant 0.820407 333.8059997558594 221.37179481983185 426.91322326660156 350.1417889595032
bed 0.946332 -6.1920928955078125 273.1684659719467 404.9344253540039 476.0520522594452
book 0.972856 415.94444274902344 25.370574831962585 567.1731567382812 349.30840373039246
book 0.916653 456.59656524658203 247.9961324930191 469.4404983520508 287.5147372484207
book 0.903534 482.7595901489258 249.94172483682632 501.3624954223633 286.5007007718086
book 0.800301 526.1043548583984 97.29181654751301 537.0600891113281 131.55903348326683
book 0.778430 521.8906021118164 190.27732479572296 531.4203262329102 229.74615329504013
book 0.774730 528.2843017578125 48.510970428586006 535.1051330566406 84.10604600608349
book 0.759443 505.3737258911133 249.65648299455643 536.7511367797852 283.41232734918594
book 0.728707 497.1099853515625 50.38478089123964 504.7368621826172 85.42202916741371
book 0.716594 491.83528900146484 190.9795759320259 501.38744354248047 227.82094359397888
book 0.661867 457.2647476196289 191.38839474320412 467.1944808959961 226.2494504749775
book 0.598723 462.0711135864258 151.87351816892624 471.64310455322266 180.699353992939
book 0.585109 460.32360076904297 299.19263845682144 468.3840560913086 329.28098899126053
book 0.580477 494.48394775390625 100.9441169500351 512.7072143554688 130.37265139818192
