person 0.884071 33.20178985595703 239.82479518651962 54.80998992919922 285.13701301813126
person 0.646260 82.69968032836914 237.39377450942993 99.39350128173828 285.2556918859482
person 0.556993 12.268664836883545 238.63146555423737 29.725515842437744 284.1588476896286
car 0.947010 370.5073547363281 251.10137462615967 507.8101348876953 332.4212648868561
car 0.855760 520.9654235839844 257.5413638949394 600.2320861816406 308.16117149591446
car 0.797844 165.3219223022461 245.03966629505157 290.7305145263672 334.4987940788269
car 0.560403 439.52972412109375 249.02094399929047 488.07838439941406 267.9378923177719
car 0.517532 591.4518356323242 251.70342236757278 638.7573623657227 315.064397752285
bus 0.848465 268.13758850097656 201.43886238336563 394.50218200683594 299.21955996751785
truck 0.643647 109.32758331298828 187.1064357161522 207.259521484375 288.79877656698227
