person 0.854190 178.07622909545898 331.88348138332367 191.81974411010742 366.1270304918289
person 0.821675 291.893367767334 337.40315586328506 303.43427658081055 369.64405316114426
person 0.728914 491.2617492675781 343.431828558445 509.7345733642578 392.2530010342598
person 0.727420 165.91938018798828 335.34166091680527 175.9210205078125 356.6331028342247
person 0.681338 531.8455505371094 338.6582809686661 541.8679046630859 361.68971848487854
person 0.680068 577.8189468383789 347.4590201973915 601.1880874633789 388.0283082127571
person 0.622227 562.368049621582 342.7612153291702 573.1850814819336 365.9160910844803
person 0.570073 588.0840301513672 343.58764070272446 601.1441040039062 367.05744940042496
car 0.647991 75.4399299621582 336.9281858801842 102.70648956298828 356.10483807325363
clock 0.893252 312.57158279418945 106.05000974237919 338.8726043701172 128.1986411511898
