person 0.833075 581.9940567016602 343.59554570913315 598.4527969360352 381.8453816771507
person 0.657806 615.4555130004883 344.93387842178345 633.2929611206055 380.6672394275665
person 0.597814 553.4796524047852 346.19294941425323 573.7424087524414 379.49787509441376
car 0.851661 248.1205940246582 341.04685032367706 309.0054512023926 377.7154631614685
car 0.815625 194.12809371948242 334.70995002985 247.9506492614746 373.6436820626259
car 0.739671 394.5123291015625 334.0140982866287 455.14915466308594 386.8890370130539
car 0.730444 169.95479583740234 340.9423227906227 210.86750030517578 369.2894187569618
car 0.579239 218.45762252807617 335.3894441127777 279.1053581237793 375.9397714138031
car 0.572661 -0.9500980377197266 349.5422324538231 106.23275756835938 428.69663804769516
car 0.533914 27.255048751831055 369.2308906316757 279.85416412353516 433.6731436252594
