person 0.959285 344.9862289428711 98.14109802246094 526.8334579467773 470.4262161254883
person 0.814812 431.97669982910156 30.364980697631836 506.0362243652344 159.44375038146973
person 0.785275 24.23194408416748 227.511248588562 181.35805130004883 470.2232551574707
person 0.775097 71.34128093719482 92.36768245697021 215.39339065551758 347.14794158935547
person 0.772354 292.32913970947266 53.566235303878784 340.9605026245117 133.43446254730225
person 0.733502 173.53605270385742 46.98208808898926 277.75732040405273 303.548526763916
person 0.680454 172.54749298095703 35.48675537109375 268.2577133178711 209.69318389892578
person 0.666264 546.5453720092773 127.21577167510986 642.2920227050781 461.1231994628906
person 0.595876 230.42043685913086 243.8474464416504 342.4877166748047 470.19338607788086
person 0.553014 342.82405853271484 57.479013204574585 378.26961517333984 118.19377899169922
person 0.547679 48.78167152404785 80.9778642654419 161.91532135009766 353.170223236084
