car 0.783650 209.799471616745 428.4820556640625 271.480366230011 475.40077209472656
car 0.745654 154.51373744010925 417.61985778808594 177.21072602272034 444.3275451660156
car 0.717880 107.98978209495544 423.3601760864258 151.60215830802917 468.56746673583984
car 0.705898 14.403599947690964 436.3518524169922 43.41420292854309 468.97979736328125
car 0.603062 182.49759197235107 417.5495910644531 198.9612011909485 437.3857116699219
car 0.573029 209.07430624961853 412.12085723876953 224.31082820892334 428.5734176635742
car 0.541325 2.074426367878914 436.66675567626953 27.858393013477325 469.6743392944336
trafficlight 0.821963 258.0364513397217 320.32554626464844 265.08617877960205 338.9457702636719
trafficlight 0.803664 269.29746532440186 341.7787551879883 274.65753269195557 360.56949615478516
trafficlight 0.633959 271.27419424057007 346.90372467041016 278.3709282875061 366.8099594116211
trafficlight 0.623697 103.15660572052002 382.1233367919922 112.72940015792847 407.05650329589844
trafficlight 0.604240 164.21208500862122 351.59778594970703 171.65439343452454 371.2015151977539
