baseballbat 0.866203 38.964258313179016 108.53239059448242 396.5507583618164 192.2040467262268
baseballbat 0.795391 94.09506529569626 155.90325093269348 376.8368203639984 299.4706857204437
baseballbat 0.789416 92.95553684234619 304.1511104106903 292.6414489746094 506.1532323360443
baseballbat 0.731940 81.57491648197174 181.29353713989258 370.86948680877686 355.81456089019775
baseballbat 0.704005 292.22561752796173 404.35953998565674 505.62937116622925 528.9775071144104
baseballbat 0.701516 16.253028988838196 126.09713351726532 371.31495666503906 526.5624418258667
baseballbat 0.641330 61.95740818977356 228.63167667388916 338.8105766773224 478.56521701812744
baseballbat 0.603355 49.17780017852783 276.63915181159973 281.00714206695557 554.4182059764862
baseballbat 0.569258 9.05519986152649 31.101434469223022 576.5081777572632 589.1412899494171
baseballbat 0.561319 31.798949360847473 42.09714764356613 393.90931034088135 138.24270755052567
baseballbat 0.533385 306.1321964263916 446.2182397842407 535.2450914382935 582.0211772918701
baseballbat 0.516916 121.87386989593506 267.69738042354584 411.58591318130493 406.0355966091156
baseballbat 0.510295 314.68655276298523 226.25407433509827 573.450989484787 345.5182685852051
