person 0.996284 88.6114314198494 188.0303750038147 237.9564344882965 322.8086282014847
person 0.995059 267.97524094581604 76.8552894294262 355.18279671669006 298.48487627506256
person 0.994716 17.429381608963013 140.29932886362076 124.43144619464874 327.25197833776474
person 0.816324 412.27543354034424 59.29621133208275 445.438027381897 113.30882254242897
person 0.559595 263.822078704834 78.0352934896946 295.35263776779175 123.26562657952309
person 0.547999 85.4257345199585 73.48869225382805 141.5395885705948 139.57068613171577
person 0.505384 171.12602293491364 76.43675230443478 216.8394774198532 127.5436697602272
baseballbat 0.763905 297.72505164146423 28.532075308263302 367.07863211631775 99.09946060180664
baseballglove 0.714600 213.2938653230667 228.09890735149384 239.9233728647232 265.2980833053589
baseballglove 0.514797 220.08097171783447 227.91435742378235 242.53961443901062 259.06343972682953
