person 0.999624 199.37968254089355 195.616455078125 316.8274211883545 519.5990753173828
person 0.997986 16.219024658203125 308.21998596191406 183.90352249145508 537.2519683837891
person 0.980692 408.3003044128418 133.28770637512207 461.2221336364746 299.3806457519531
person 0.884998 285.142879486084 155.80511093139648 308.00079345703125 215.45804977416992
person 0.796299 318.980770111084 167.12265014648438 355.0187873840332 217.7370834350586
person 0.781051 95.92337608337402 182.43404388427734 132.40336418151855 242.09552764892578
person 0.727825 65.50559520721436 171.5895652770996 98.7101411819458 243.48943710327148
person 0.621237 168.5535478591919 167.99440383911133 198.4758996963501 224.33008193969727
person 0.588782 148.03786754608154 185.97801208496094 186.4828634262085 237.7151870727539
person 0.557331 18.75121235847473 183.30167770385742 56.98278307914734 245.03366470336914
person 0.511553 272.79979705810547 142.0737648010254 284.4915962219238 175.6330680847168
