person 0.937951 332.37953186035156 93.48873853683472 423.4984588623047 245.59850692749023
person 0.935136 162.58699417114258 216.7272663116455 371.314697265625 476.50294303894043
person 0.855543 404.58690643310547 11.534264087677002 501.3594436645508 157.58906364440918
person 0.769988 536.464729309082 74.48912143707275 639.0425491333008 341.67972564697266
person 0.620256 530.7638931274414 73.54708671569824 576.9513320922852 144.8207187652588
chair 0.960351 477.55699157714844 166.00594997406006 574.6106719970703 331.2146186828613
chair 0.644939 301.46732330322266 153.5661792755127 401.30809783935547 283.6716842651367
chair 0.599845 196.02041244506836 132.61530876159668 246.3844108581543 188.4243392944336
chair 0.523577 370.9836959838867 277.78541564941406 482.63919830322266 475.2341079711914
laptop 0.610834 94.06913757324219 244.96155738830566 211.13513946533203 347.8055477142334
laptop 0.604446 60.20858287811279 350.9164237976074 188.90396118164062 464.66657638549805
