person 0.935565 108.1008529663086 49.85163855552673 124.97886657714844 94.30698347091675
person 0.792580 374.9751281738281 46.340400129556656 393.1622314453125 106.75368106365204
person 0.767791 500.5087661743164 111.71645748615265 598.1729507446289 269.28761291503906
person 0.753135 264.28516387939453 83.16744756698608 298.2143783569336 166.5016269683838
person 0.742817 162.9805564880371 86.0355469584465 202.40110397338867 165.73551297187805
person 0.710505 356.12110137939453 51.45253145694733 373.51879119873047 104.5536949634552
person 0.613868 74.2359972000122 123.22693800926208 96.57773971557617 158.55547285079956
person 0.610653 581.3627624511719 114.6250057220459 616.3626098632812 186.472074508667
person 0.571889 404.3738555908203 100.21683716773987 502.37335205078125 287.09962487220764
person 0.527991 325.7441711425781 42.849262714385986 341.17530822753906 80.38044452667236
person 0.524286 10.236396789550781 10.158403098583221 600.5104827880859 173.94310665130615
person 0.517484 188.34110260009766 44.275790333747864 199.18689727783203 61.22707688808441
kite 0.899553 156.02636337280273 103.23363828659058 605.6716156005859 342.48394775390625
