person 0.566575 536.0915756225586 226.3890335559845 577.9081344604492 296.19864153862
motorcycle 0.949248 307.22375869750977 251.57583451271057 395.4998779296875 352.3002827167511
motorcycle 0.836793 407.83912658691406 241.39139223098755 502.9685974121094 339.30791902542114
motorcycle 0.823162 385.23937225341797 236.70123386383057 463.5891342163086 340.24799156188965
motorcycle 0.820878 195.0933074951172 259.9142396450043 321.3895797729492 358.5997636318207
motorcycle 0.783728 106.19865417480469 261.5911912918091 194.29019927978516 379.54445219039917
motorcycle 0.759818 442.10811614990234 244.86124205589294 530.4986190795898 336.0877687931061
motorcycle 0.739079 75.34276008605957 253.77917575836182 161.25301361083984 386.1843490600586
motorcycle 0.735195 8.726706504821777 259.4270601272583 105.67720413208008 396.7976531982422
motorcycle 0.723876 278.07861328125 256.5446217060089 380.8893585205078 358.86829018592834
motorcycle 0.698713 336.7399597167969 246.58189368247986 423.1548309326172 345.39134907722473
motorcycle 0.598704 90.45652389526367 224.9922158718109 596.9283294677734 357.54244351387024
