pottedplant 0.820407 333.8059997558594 221.37179481983185 426.91314697265625 350.1417889595032
bed 0.946332 -6.192054748535156 273.16852355003357 404.93438720703125 476.0520522594452
book 0.972856 415.9444046020508 25.370574831962585 567.1731185913086 349.30837494134903
book 0.916653 456.59656524658203 247.99616128206253 469.4404983520508 287.5147084593773
book 0.903534 482.7595901489258 249.94175362586975 501.3624954223633 286.50072956085205
book 0.800301 526.1043548583984 97.29179495573044 537.0600891113281 131.55904787778854
book 0.778431 521.8906021118164 190.27732479572296 531.4203262329102 229.74615329504013
book 0.774729 528.2843017578125 48.510970428586006 535.1051330566406 84.1060604006052
book 0.759443 505.37376403808594 249.65648299455643 536.7510986328125 283.4122697710991
book 0.728707 497.1099853515625 50.38477369397879 504.7368621826172 85.42204356193542
book 0.716595 491.83528900146484 190.9795615375042 501.38744354248047 227.8209579885006
book 0.661867 457.2647476196289 191.38839474320412 467.1944808959961 226.2494504749775
book 0.598724 462.0711135864258 151.87351816892624 471.64310455322266 180.699353992939
book 0.585109 460.32360076904297 299.19263845682144 468.3840560913086 329.28098899126053
book 0.580478 494.48394775390625 100.94412414729595 512.7072143554688 130.37265139818192
