person 0.833075 581.9940567016602 343.59554570913315 598.4527969360352 381.8453816771507
person 0.657806 615.4555130004883 344.93387842178345 633.2929611206055 380.6672394275665
person 0.597814 553.4796524047852 346.19292336702347 573.7424087524414 379.4979011416435
car 0.851662 248.1205940246582 341.04685032367706 309.0054512023926 377.7154631614685
car 0.815626 194.12805557250977 334.70995002985 247.9506492614746 373.6436820626259
car 0.739670 394.5123291015625 334.0140461921692 455.14915466308594 386.8890370130539
car 0.730444 169.95481491088867 340.94229674339294 210.8675193786621 369.2894448041916
car 0.579239 218.45758438110352 335.38941806554794 279.10539627075195 375.93979746103287
car 0.572661 -0.9500980377197266 349.5422324538231 106.23276710510254 428.69663804769516
car 0.533914 27.255048751831055 369.2308906316757 279.8542022705078 433.6731436252594
