person 0.959285 344.9863052368164 98.14112663269043 526.8334579467773 470.4262447357178
person 0.814813 431.97669982910156 30.365002155303955 506.0362243652344 159.44372177124023
person 0.785274 24.23203945159912 227.51120567321777 181.35818481445312 470.2232265472412
person 0.775097 71.34130001068115 92.3677110671997 215.39342880249023 347.14805603027344
person 0.772353 292.329158782959 53.5662317276001 340.9605407714844 133.43446254730225
person 0.733504 173.53607177734375 46.98204517364502 277.75733947753906 303.548583984375
person 0.680454 172.5474739074707 35.486719608306885 268.25769424438477 209.69321250915527
person 0.666263 546.5453720092773 127.2158432006836 642.2920227050781 461.1231994628906
person 0.595877 230.4203987121582 243.84750366210938 342.48775482177734 470.1933288574219
person 0.553014 342.8240203857422 57.478981018066406 378.2696533203125 118.19382190704346
person 0.547679 48.781633377075195 80.97779273986816 161.91524505615234 353.1702518463135
