car 0.783650 209.79950952529907 428.4820556640625 271.480366230011 475.40077209472656
car 0.745653 154.51373744010925 417.6197814941406 177.21072602272034 444.3275451660156
car 0.717880 107.98982000350952 423.3601760864258 151.60214567184448 468.56746673583984
car 0.705899 14.40359678864479 436.3518524169922 43.41421556472778 468.97979736328125
car 0.603063 182.49759197235107 417.5495910644531 198.9612011909485 437.3857116699219
car 0.573030 209.07426834106445 412.1208190917969 224.31082820892334 428.5734558105469
car 0.541326 2.074426367878914 436.6667175292969 27.858389854431152 469.67437744140625
trafficlight 0.821962 258.0364513397217 320.32554626464844 265.08617877960205 338.9458465576172
trafficlight 0.803664 269.29746532440186 341.7787170410156 274.65753269195557 360.5695343017578
trafficlight 0.633958 271.27419424057007 346.9037628173828 278.3709282875061 366.80999755859375
trafficlight 0.623695 103.15659308433533 382.1233367919922 112.72938752174377 407.05650329589844
trafficlight 0.604239 164.21208500862122 351.59778594970703 171.65439343452454 371.2015151977539
