person 0.996284 88.61144632101059 188.0303750038147 237.95640468597412 322.8086282014847
person 0.995059 267.97524094581604 76.8552894294262 355.18279671669006 298.48487627506256
person 0.994716 17.42936298251152 140.29937848448753 124.43144619464874 327.25195848941803
person 0.816324 412.27543354034424 59.29621133208275 445.438027381897 113.30882254242897
person 0.559595 263.822078704834 78.03528356552124 295.35263776779175 123.26563650369644
person 0.547999 85.4257270693779 73.4887021780014 141.5395736694336 139.57067620754242
person 0.505384 171.12603783607483 76.43675726652145 216.83946251869202 127.5436697602272
baseballbat 0.763906 297.725111246109 28.532107561826706 367.07863211631775 99.09946060180664
baseballglove 0.714600 213.2938802242279 228.09888750314713 239.923357963562 265.2980634570122
baseballglove 0.514796 220.08098661899567 227.91433757543564 242.53959953784943 259.06345957517624
