person 0.633039 460.3375244140625 346.12866139411926 467.0391845703125 358.8642808198929
person 0.585211 112.19500541687012 344.7197856903076 138.14356803894043 405.82822954654694
person 0.573447 520.6962966918945 349.45299315452576 529.7932052612305 361.3446513414383
person 0.553773 401.56097412109375 347.558839738369 409.85206604003906 362.8371850848198
person 0.544122 566.3172149658203 344.90115082263947 574.2408752441406 357.42674708366394
person 0.528713 425.4173278808594 346.5983629822731 432.0269012451172 359.7387071251869
person 0.524946 490.6278991699219 349.39152854681015 497.50335693359375 360.5590496659279
kite 0.956293 363.2051086425781 103.21249549090862 618.2334136962891 288.5785983800888
kite 0.777639 258.57566833496094 161.71008697152138 441.1280822753906 405.295587182045
kite 0.756400 420.8415222167969 156.3291341662407 622.7944183349609 302.2398518919945
