person 0.959767 477.7871322631836 130.08463776111603 641.1941528320312 422.51817977428436
person 0.898093 76.6368055343628 157.8824366927147 198.28266143798828 397.6926555633545
person 0.882330 371.3512420654297 62.61009129881859 455.30372619628906 191.24464774131775
person 0.780566 26.2115478515625 161.792498588562 151.20697021484375 420.8735418319702
person 0.776083 145.1056671142578 120.2618293762207 232.74520874023438 252.64016461372375
person 0.773976 387.41565704345703 132.84514671564102 455.29064178466797 252.2649278640747
person 0.744257 443.50318908691406 179.10376596450806 530.4290771484375 339.04201912879944
person 0.737702 451.42887115478516 107.90519535541534 539.6506881713867 273.0754086971283
person 0.693756 168.30106735229492 134.89301562309265 245.9187889099121 242.11794519424438
person 0.605685 94.00062561035156 145.7900020480156 197.5718116760254 270.92133951187134
person 0.593859 302.9934310913086 67.30637168884277 352.16365814208984 131.14323806762695
cup 0.615257 277.71087646484375 195.07250440120697 299.4749450683594 233.367067694664
cup 0.600785 286.0636901855469 176.44507724046707 304.94873046875 208.62613552808762
diningtable 0.947893 138.23827743530273 114.33472394943237 547.4561309814453 428.0795702934265
