person 0.884071 33.201799392700195 239.82479518651962 54.80999946594238 285.13701301813126
person 0.646260 82.69966125488281 237.39379996061325 99.39350128173828 285.2557173371315
person 0.556992 12.26865530014038 238.631516456604 29.725487232208252 284.1588476896286
car 0.947011 370.5073547363281 251.10134917497635 507.8101348876953 332.4212903380394
car 0.855760 520.965461730957 257.5413638949394 600.232048034668 308.16117149591446
car 0.797844 165.32196044921875 245.03966629505157 290.7305145263672 334.4987940788269
car 0.560402 439.52972412109375 249.02094399929047 488.07838439941406 267.9378923177719
car 0.517532 591.4518356323242 251.70342236757278 638.7573623657227 315.064397752285
bus 0.848465 268.1376075744629 201.43886238336563 394.50218200683594 299.21955996751785
truck 0.643646 109.32758331298828 187.1064357161522 207.25954055786133 288.79877656698227
