person 0.854190 178.07626724243164 331.88348138332367 191.81974411010742 366.1270304918289
person 0.821675 291.89334869384766 337.40315586328506 303.4342575073242 369.64405316114426
person 0.728914 491.2617492675781 343.431828558445 509.7345733642578 392.2530010342598
person 0.727421 165.91941833496094 335.34166091680527 175.9210205078125 356.6331028342247
person 0.681338 531.8455505371094 338.6582809686661 541.8679046630859 361.68971848487854
person 0.680067 577.8189468383789 347.45904564857483 601.1880874633789 388.02833366394043
person 0.622228 562.368049621582 342.7612153291702 573.1850814819336 365.9160910844803
person 0.570073 588.0840301513672 343.58764070272446 601.1441040039062 367.05744940042496
car 0.647990 75.43992042541504 336.9282113313675 102.70648002624512 356.1048126220703
clock 0.893252 312.5715446472168 106.05001610517502 338.8725280761719 128.19865387678146
