baseballbat 0.866202 38.964367747306824 108.53240883350372 396.550612449646 192.2040467262268
baseballbat 0.795389 94.09512001276016 155.90325093269348 376.836674451828 299.47075867652893
baseballbat 0.789416 92.9555915594101 304.151092171669 292.64132130146027 506.1531229019165
baseballbat 0.731939 81.57488912343979 181.29339122772217 370.86948680877686 355.81456089019775
baseballbat 0.704004 292.22563576698303 404.35961294174194 505.62933468818665 528.9775071144104
baseballbat 0.701517 16.25293779373169 126.09698760509491 371.31492018699646 526.5623688697815
baseballbat 0.641328 61.95738083124161 228.63160371780396 338.8105766773224 478.56514406204224
baseballbat 0.603355 49.177827537059784 276.63915181159973 281.00706911087036 554.4179141521454
baseballbat 0.569257 9.055163383483887 31.101452708244324 576.5080318450928 589.1411805152893
baseballbat 0.561318 31.799004077911377 42.09716588258743 393.90927386283875 138.24272578954697
baseballbat 0.533386 306.1321964263916 446.2182397842407 535.2450914382935 582.0211772918701
baseballbat 0.516913 121.87389725446701 267.69739866256714 411.5858037471771 406.035560131073
baseballbat 0.510294 314.68669867515564 226.25416553020477 573.450989484787 345.5182685852051
