motorbike 0.915572 390 246 474 342
motorbike 0.880029 457 251 528 334
motorbike 0.624441 500 255 564 328
motorbike 0.726209 558 251 624 323
motorbike 0.915405 182 258 303 368
motorbike 0.511162 262 261 342 358
motorbike 0.884110 299 258 383 353
motorbike 0.929731 3 266 96 397
motorbike 0.532113 80 273 149 384
motorbike 0.696552 137 270 199 377
person 0.838130 5 217 35 265
person 0.624557 283 208 304 271
person 0.569164 401 228 417 251
person 0.604291 553 228 584 260
person 0.795988 593 221 612 263
person 0.898682 43 223 75 281
person 0.727488 348 230 373 269
person 0.594161 368 227 389 276
person 0.578643 525 225 557 272
