person 0.601963 358 18 407 131
person 0.787919 296 68 352 138
person 0.557891 221 75 280 172
person 0.739737 372 59 456 186
person 0.326439 106 98 202 239
person 0.401574 229 124 285 209
person 0.543543 454 107 539 238
person 0.436276 90 146 214 371
person 0.615060 439 178 531 345
person 0.443826 473 152 633 408
person 0.335892 -2 185 119 423
pizza 0.274354 302 291 380 331
diningtable 0.328354 219 223 554 425
wineglass 0.253684 263 322 311 411
bowl 0.553783 313 355 409 421
person 0.262427 242 35 275 109
person 0.747639 181 137 240 233
person 0.274692 383 136 448 231
bottle 0.270353 280 198 304 242
cup 0.361003 365 231 389 249
cup 0.377940 332 240 353 285
cup 0.871729 407 301 436 358
cup 0.537894 238 309 273 372
cup 0.747514 242 369 289 423
