motorbike 0.318340 489 248 555 326
motorbike 0.451668 526 238 588 328
motorbike 0.466473 553 239 621 323
person 0.295347 1 215 46 394
motorbike 0.412622 199 257 318 361
motorbike 0.318208 296 255 353 357
motorbike 0.753241 321 251 387 360
motorbike 0.541831 349 257 419 346
motorbike 0.671658 417 257 483 344
motorbike 0.436391 453 251 519 342
motorbike 0.433491 13 250 99 399
motorbike 0.447707 67 261 156 386
person 0.550683 9 216 38 265
person 0.409682 520 220 550 263
person 0.312862 551 223 580 262
person 0.345688 589 219 609 263
person 0.417840 42 222 77 284
person 0.524353 281 217 304 286
person 0.502006 349 225 378 279
person 0.447621 364 225 391 279
