motorbike 0.533482 528 116 585 156
person 0.267582 18 105 85 188
motorbike 0.680877 194 126 254 178
motorbike 0.436957 318 117 372 183
motorbike 0.776162 21 135 140 187
person 0.556724 584 85 610 138
person 0.621395 601 83 628 140
person 0.592730 620 84 635 139
person 0.641101 306 108 326 134
person 0.677919 485 98 506 142
person 0.732268 430 98 453 155
person 0.308038 456 99 474 153
person 0.267453 471 103 486 147
motorbike 0.289510 400 123 427 155
motorbike 0.391483 277 120 310 170
motorbike 0.314638 379 129 412 161
motorbike 0.355060 88 132 157 181
