Car 0.264887 425 177 435 184
Car 0.250467 408 187 418 196
Car 0.466289 406 194 416 206
Car 0.327307 276 229 297 243
Car 0.613656 399 228 417 238
Car 0.940386 450 229 468 242
Car 0.944694 427 241 447 253
Car 0.808783 495 261 514 275
Car 0.859837 464 266 477 281
Car 0.757409 350 280 370 295
Car 0.974691 440 275 460 292
Car 0.885581 338 297 355 314
Car 0.546934 197 326 222 346
Car 0.881830 345 327 365 346
Pedestrian 0.943798 501 328 511 343
Car 0.391782 136 344 175 372
Car 0.842857 171 340 209 368
Car 0.944136 549 343 575 368
Car 0.798842 312 359 331 383
Car 0.944448 458 354 481 380
Car 0.298288 124 368 153 383
Car 0.428229 157 368 185 384
Car 0.771610 79 404 136 434
Car 0.282333 289 421 308 444
Pedestrian 0.471852 581 445 594 465
Pedestrian 0.672205 588 447 601 470
