Pedestrian 0.665923 201 573 1407 990
Car 0.998825 1376 796 1684 892
Pedestrian 0.355164 994 613 1013 658
Pedestrian 0.299834 1048 618 1066 655
Pedestrian 0.292273 928 636 947 672
Pedestrian 0.255521 867 661 888 697
Pedestrian 0.262274 554 674 582 721
Pedestrian 0.288642 644 693 665 741
Pedestrian 0.359802 943 684 968 750
Pedestrian 0.384991 957 686 981 745
Pedestrian 0.407064 990 683 1019 746
Pedestrian 0.361075 1044 690 1067 747
Pedestrian 0.384927 1080 691 1104 746
Pedestrian 0.323208 1120 692 1144 743
Pedestrian 0.406162 1148 693 1175 745
Pedestrian 0.534920 816 705 840 768
Pedestrian 0.279205 558 729 583 786
Pedestrian 0.385307 489 747 519 806
Pedestrian 0.363902 695 724 726 842
Pedestrian 0.373812 1261 749 1302 823
Pedestrian 0.456342 113 754 154 848
Pedestrian 0.728940 1313 754 1357 840
Pedestrian 0.917363 1147 774 1183 862
Pedestrian 0.765103 1182 775 1214 863
Pedestrian 0.594094 531 831 587 931
Pedestrian 0.839732 943 854 992 1001
Pedestrian 0.966240 991 864 1049 1019
Pedestrian 0.394751 281 881 333 1042
Pedestrian 0.511355 69 907 131 1068
Pedestrian 0.827560 1103 918 1170 1049
Pedestrian 0.947566 1578 920 1648 1064
