Truck 0.338211 899 95 1015 181
Truck 0.338402 1130 151 1334 225
Truck 0.575064 494 169 681 324
Truck 0.735214 446 299 628 377
Truck 0.593382 406 359 589 446
Truck 0.838705 859 320 948 481
Truck 0.632397 944 341 1072 561
Truck 0.403732 358 427 564 533
Truck 0.432473 979 457 1079 561
Car 0.770376 514 499 648 572
Truck 0.380746 274 501 473 709
Car 0.766507 459 597 613 679
Car 0.776896 433 668 629 762
bench 0.445541 162 716 399 766
Car 0.324007 846 128 905 176
Truck 0.336218 932 127 1019 176
Truck 0.478950 543 165 638 201
Pedestrian 0.488267 655 179 678 217
Truck 0.252490 1262 225 1327 286
Truck 0.340133 1317 237 1356 308
Car 0.885351 559 499 656 563
Car 0.550331 491 525 619 575
Car 0.336010 481 587 600 633
Car 0.656815 459 626 606 677
