Truck 0.676722 -3 494 162 652
Truck 0.456245 615 511 685 645
Car 0.666797 810 539 882 646
Pedestrian 0.672737 793 3 808 19
Car 0.606465 873 12 899 36
Car 0.962378 779 66 811 93
Car 0.973585 889 68 918 95
Car 0.260076 682 96 706 121
Car 0.949964 726 109 763 143
Car 0.299486 661 128 685 154
Car 0.791369 773 119 802 152
Car 0.488766 1097 130 1122 152
Car 0.416160 336 139 380 162
Car 0.352230 318 161 350 178
Car 0.847401 764 152 797 187
Pedestrian 0.704217 869 160 884 183
Bike 0.507597 870 169 885 188
Pedestrian 0.533718 660 232 672 256
Bike 0.276758 1177 236 1195 254
Car 0.951402 746 231 783 284
trafficlight 0.590753 1024 285 1042 319
Car 0.841091 634 325 684 402
Pedestrian 0.267405 391 363 411 391
Car 0.774417 712 350 768 420
Pedestrian 0.501317 937 408 950 440
Bike 0.414751 931 412 946 455
Bike 0.432359 1046 468 1092 512
Pedestrian 0.964847 1104 469 1131 527
