Car 0.321637 412 209 420 216
Car 0.566819 449 209 461 216
Car 0.257759 405 216 413 225
Car 0.300112 430 215 439 223
Car 0.522517 394 227 406 242
Car 0.835529 461 230 476 241
Car 0.404276 391 235 402 247
Car 0.764759 445 241 461 252
Car 0.300093 388 246 396 260
Car 0.953470 442 269 458 282
Car 0.556680 470 267 481 280
Car 0.943119 441 303 456 321
Car 0.865898 307 378 324 402
Car 0.879429 200 389 252 414
Car 0.991537 184 409 236 432
Truck 0.607573 517 416 543 451
Car 0.562438 31 482 83 507
Car 0.250221 228 480 246 504
Car 0.917707 251 482 281 519
Car 0.528037 214 516 249 537
Truck 0.464903 329 506 362 537
