Pedestrian 0.503370 -17 571 1047 800
Car 0.935774 1196 766 1573 913
Pedestrian 0.852477 1207 924 1295 1081
Pedestrian 0.749310 1298 933 1384 1081
Pedestrian 0.477745 611 609 635 663
Pedestrian 0.697242 622 605 648 659
Pedestrian 0.661176 713 614 734 657
Pedestrian 0.284779 757 606 775 654
Pedestrian 0.449384 779 610 797 652
Pedestrian 0.335485 305 628 330 687
Pedestrian 0.340469 179 639 218 716
Pedestrian 0.364705 264 639 290 700
Pedestrian 0.266868 347 637 375 703
Pedestrian 0.501632 359 634 392 716
Pedestrian 0.299885 446 649 469 701
Pedestrian 0.309793 479 646 503 699
Pedestrian 0.315663 376 673 403 725
Pedestrian 0.433130 89 685 118 747
Pedestrian 0.326007 117 687 144 745
Pedestrian 0.619423 815 680 846 765
Pedestrian 0.311968 848 677 879 763
Car 0.836118 1071 669 1195 748
Pedestrian 0.658276 1295 680 1337 757
Pedestrian 0.768382 769 687 803 775
Pedestrian 0.958340 202 736 248 832
Pedestrian 0.527651 916 737 954 818
Pedestrian 0.758196 956 735 994 821
Pedestrian 0.995136 258 737 306 848
Pedestrian 0.555130 -3 751 29 888
Pedestrian 0.760794 990 781 1048 904
Pedestrian 0.869966 1051 786 1103 901
Pedestrian 0.463922 924 792 976 929
Pedestrian 0.595654 989 863 1043 987
Pedestrian 0.624254 1034 878 1087 1000
Pedestrian 0.706238 1 931 53 1086
handbag 0.439422 1229 960 1293 1052
Pedestrian 0.883858 1764 1018 1886 1079
