Truck 0.488455 35 316 214 474
Truck 0.672850 849 530 912 633
Car 0.567130 1127 538 1226 614
Truck 0.581410 446 632 522 753
Car 0.446652 581 2 610 15
Car 0.803763 654 1 677 9
Car 0.282838 756 3 782 14
Car 0.255400 814 4 842 13
Car 0.332363 864 3 899 19
Car 0.772215 673 42 697 58
Car 0.356422 781 36 807 63
Car 0.855200 943 59 996 83
Car 0.610088 546 70 577 98
Car 0.857952 216 92 282 125
Car 0.563012 826 95 857 126
Car 0.750078 934 98 981 120
Car 0.399594 423 111 453 138
Car 0.879580 951 117 1014 143
Car 0.864387 518 123 546 156
Car 0.814430 233 138 268 165
Car 0.409900 279 146 308 166
Pedestrian 0.302010 404 142 416 164
Car 0.778663 582 141 616 177
Car 0.891827 983 139 1026 172
Car 0.830451 157 157 196 176
Car 0.331730 500 156 533 185
Car 0.891448 1030 151 1081 190
Car 0.947803 260 162 305 195
Car 0.804779 739 172 772 203
Car 0.481753 1046 165 1086 196
Car 0.400760 488 191 524 225
Car 0.990909 1048 196 1134 235
Car 0.980220 1182 193 1242 228
Car 0.969730 560 201 600 255
Pedestrian 0.476571 1218 232 1236 256
Car 0.918792 647 230 690 294
Car 0.300655 1349 281 1359 314
Truck 0.628963 731 287 769 353
Truck 0.431667 525 348 578 424
Truck 0.377174 630 394 687 476
Truck 0.718754 798 441 852 514
