Truck 0.293116 471 466 560 551
Car 0.828512 415 646 494 750
Car 0.546913 817 681 893 761
Car 0.270355 738 177 763 196
Car 0.417812 1257 173 1287 188
Car 0.640526 1272 174 1307 193
Car 0.513424 673 188 702 210
Car 0.484082 734 187 756 204
Car 0.665134 1299 186 1350 210
Car 0.283171 1329 191 1354 211
Car 0.386179 680 204 701 224
Car 0.736808 702 206 730 226
Car 0.836473 736 207 760 227
Pedestrian 0.383887 945 202 958 224
Car 0.765265 676 214 701 235
Car 0.900933 653 242 690 268
Car 0.428083 786 247 817 270
Car 0.964305 700 255 729 284
Car 0.801584 781 262 815 285
Car 0.808676 632 285 680 312
Car 0.433173 956 283 1009 322
Car 0.946970 763 305 792 330
Pedestrian 0.258164 651 317 662 337
Car 0.913147 693 311 724 342
Car 0.317061 794 318 831 349
Car 0.787116 618 326 647 355
Car 0.668465 577 357 634 393
Car 0.581388 939 358 964 385
Car 0.695691 555 386 621 422
Pedestrian 0.808163 755 396 770 419
Car 0.457757 814 398 840 418
Bike 0.352538 758 404 772 424
Car 0.760883 815 407 846 428
Pedestrian 0.349139 996 406 1007 422
Truck 0.641437 533 413 605 451
Car 0.724843 955 421 988 445
Car 0.945157 816 433 882 475
Car 0.442487 958 435 988 460
Truck 0.302136 546 440 592 489
Car 0.846033 959 449 992 480
Truck 0.345364 497 474 568 543
Car 0.839505 485 557 547 628
Car 0.954305 825 591 876 665
Car 0.984438 513 614 571 694
Car 0.898286 264 717 398 765
Car 0.492353 468 721 513 762
