Car 0.259259 105 79 1262 438
Truck 0.329278 -3 373 81 467
Car 0.251162 20 388 135 476
Car 0.786332 6 447 139 529
Car 0.918819 -3 489 116 588
Car 0.968465 9 589 138 691
Car 0.538453 683 128 704 146
Car 0.772460 638 163 666 181
Car 0.279983 230 186 267 207
Car 0.406115 305 197 385 233
Car 0.854180 652 202 683 226
Car 0.645113 887 198 924 223
Car 0.493918 923 202 951 228
Car 0.447114 136 217 212 246
Car 0.483574 214 217 289 248
Pedestrian 0.570653 927 206 949 246
Car 0.392305 961 211 997 237
Car 0.591738 991 213 1032 238
Bike 0.659018 708 227 727 250
Car 0.914934 1150 232 1230 263
Pedestrian 0.516610 991 250 1012 273
Pedestrian 0.668238 1031 243 1048 265
Bike 0.637550 1099 246 1131 269
Car 0.955714 1282 244 1358 273
Car 0.858403 373 248 481 285
Car 0.996567 872 254 966 291
Bike 0.797397 992 259 1016 278
Car 0.907388 438 271 532 310
Car 0.849446 695 293 737 316
Car 0.985808 761 288 854 325
Car 0.989727 1076 281 1162 320
Car 0.847882 1321 281 1361 323
Car 0.778358 0 289 47 332
Car 0.928910 109 288 226 335
Car 0.967432 274 290 387 338
Car 0.995290 562 299 663 341
Car 0.901616 1006 300 1077 339
Pedestrian 0.349267 389 322 416 348
Car 0.990596 880 306 966 360
Bike 0.500701 390 330 419 358
Pedestrian 0.428397 1199 341 1220 359
Pedestrian 0.546073 1196 346 1229 374
Bike 0.647645 1189 342 1237 383
Car 0.353478 -2 374 68 440
Car 0.775541 34 404 137 462
Pedestrian 0.586804 173 416 204 462
Pedestrian 0.610111 204 417 230 453
Pedestrian 0.368478 813 434 838 464
Pedestrian 0.562151 822 425 857 475
Car 0.610157 0 434 121 496
Bike 0.546948 818 468 862 516
Pedestrian 0.795918 1087 482 1116 534
Pedestrian 0.672708 570 536 592 568
Car 0.351596 1 567 12 622
