Car 0.804571 912 664 1031 741
Car 0.568974 1219 687 1313 762
Car 0.315727 700 31 740 46
Car 0.335008 730 25 759 38
Car 0.824649 780 30 813 47
Car 0.266011 858 27 878 40
Car 0.726777 1077 30 1097 46
Car 0.344910 1132 28 1152 43
Car 0.501498 1127 47 1147 59
Car 0.778232 1101 57 1125 72
Car 0.507582 1123 56 1144 71
Car 0.738766 1154 56 1178 72
Car 0.305076 857 75 879 95
Car 0.688826 1095 71 1119 90
Car 0.588077 1128 74 1150 90
Car 0.420803 1152 75 1177 93
Car 0.778379 1094 86 1120 108
Car 0.432310 1132 87 1151 103
Car 0.416722 1154 84 1176 99
Car 0.786415 841 100 867 117
Car 0.501185 1133 100 1154 119
Car 0.250699 1155 98 1183 122
Car 0.879307 829 117 858 139
Car 0.694994 1097 114 1121 133
Car 0.479003 648 127 686 157
Car 0.402010 681 127 714 156
Car 0.356014 1109 146 1130 169
Car 0.330242 1148 142 1172 164
Truck 0.267973 1180 137 1208 166
Car 0.852788 802 154 828 174
Car 0.394203 549 167 583 203
Car 0.444051 1111 170 1143 197
Truck 0.329259 1158 161 1205 209
Car 0.730882 771 179 803 206
Car 0.697960 1122 203 1148 223
Car 0.359494 1166 201 1195 223
Car 0.721505 746 218 777 245
Car 0.457210 1122 218 1150 241
Car 0.858014 1198 218 1228 242
Car 0.687996 1119 228 1146 250
Car 0.639410 1166 228 1192 248
Car 0.298584 472 244 511 268
Car 0.363199 515 249 548 271
Car 0.898863 1106 246 1134 276
Car 0.957308 1169 254 1198 281
Car 0.906496 712 273 742 298
Car 0.474902 1072 274 1095 300
Car 0.295357 436 291 478 318
Car 0.770220 1140 290 1171 318
Car 0.938867 1180 287 1207 310
Car 0.297332 463 294 504 327
Car 0.520806 491 301 537 331
Car 0.416254 362 329 408 361
Car 0.617475 669 331 706 365
Car 0.777881 1122 329 1156 361
Car 0.789873 1187 322 1220 357
Car 0.338536 407 344 442 369
Car 0.457063 438 342 475 373
Car 0.812987 1195 363 1231 407
Car 0.718992 1264 379 1283 405
Car 0.880992 633 380 678 420
Car 0.787876 1299 388 1342 429
Car 0.333499 286 413 371 460
Car 0.505787 556 406 608 451
Car 0.804126 1130 412 1174 465
Car 0.843701 1205 412 1244 457
Truck 0.357363 422 422 476 469
Car 0.346684 1072 442 1099 475
Pedestrian 0.564471 558 465 574 493
Car 0.926510 603 455 641 508
Car 0.915691 1235 471 1296 525
Car 0.511308 523 482 566 558
Car 0.671137 1113 492 1153 542
Car 0.300752 1341 498 1360 574
Car 0.962624 442 525 503 573
Car 0.956536 658 547 761 607
Car 0.856715 1022 549 1101 621
Car 0.718980 1267 552 1321 616
Car 0.988637 374 570 482 621
Car 0.980116 850 596 960 655
Pedestrian 0.752760 388 638 405 670
Pedestrian 0.558129 1080 690 1096 714
Pedestrian 0.617254 1119 681 1134 714
Car 0.874454 1226 695 1291 760
Car 0.414521 1 717 91 763
