Car 0.448546 698 492 819 540
Car 0.277048 229 18 239 25
Car 0.559628 220 42 236 53
Car 0.406545 210 62 225 76
Car 0.825648 209 69 225 85
Car 0.825678 149 81 168 96
Car 0.768503 305 86 325 102
Car 0.487873 109 130 130 154
Truck 0.630872 218 138 245 184
Car 0.615907 453 155 476 172
Car 0.596475 223 170 242 187
Car 0.369614 352 184 364 199
Car 0.539187 323 214 346 245
Car 0.335031 420 256 450 291
Car 0.925380 147 265 177 303
Car 0.544341 74 296 103 319
Pedestrian 0.284705 569 305 581 326
Truck 0.505106 239 346 272 408
Truck 0.334169 473 407 503 449
Pedestrian 0.592546 463 433 477 464
