Car 0.377260 876 366 968 437
Car 0.716740 937 438 1022 512
Car 0.670058 1061 208 1095 226
Car 0.833198 665 217 691 240
Car 0.273495 1052 213 1080 233
Car 0.824019 1065 214 1110 237
Car 0.442195 1080 220 1122 241
Car 0.414113 1004 219 1056 261
Car 0.756768 1083 226 1129 256
Car 0.730008 1112 232 1157 255
Car 0.536219 595 241 615 268
Car 0.493798 805 255 836 281
Car 0.949662 1001 255 1070 297
Car 0.699445 1152 251 1211 285
Car 0.898901 1172 266 1259 311
Car 0.835444 1267 302 1331 336
Car 0.901023 896 372 959 431
Car 0.755414 785 381 839 464
Truck 0.474977 572 422 624 505
