Pedestrian 0.544470 507 545 1699 835
Pedestrian 0.961032 9 761 87 928
Pedestrian 0.988819 1733 820 1825 1053
Pedestrian 0.985799 1591 883 1672 1075
Pedestrian 0.298448 1079 590 1099 638
Pedestrian 0.507967 155 604 186 663
Pedestrian 0.611312 184 608 215 659
Pedestrian 0.645380 382 609 405 669
Pedestrian 0.459425 995 622 1017 675
Pedestrian 0.494769 778 645 802 709
Pedestrian 0.311983 813 637 846 719
Pedestrian 0.366077 1046 672 1069 716
Pedestrian 0.294090 1074 662 1097 717
Pedestrian 0.349588 852 667 897 769
Pedestrian 0.743047 916 662 951 767
Pedestrian 0.809860 1222 663 1255 759
Pedestrian 0.442624 1257 661 1287 756
Pedestrian 0.928945 1284 665 1321 755
Pedestrian 0.689635 962 681 996 785
Pedestrian 0.698107 1054 671 1098 810
Pedestrian 0.299257 1375 689 1404 786
Pedestrian 0.608640 1443 701 1477 787
Pedestrian 0.887824 1391 698 1438 804
Pedestrian 0.328391 1060 741 1101 855
Pedestrian 0.972957 1102 743 1154 858
Pedestrian 0.852960 0 754 35 931
