Car 0.299562 464 126 888 519
Car 0.902195 162 570 267 643
Car 0.658530 387 552 477 642
Car 0.711430 352 633 446 728
Car 0.874027 688 273 718 291
Car 0.712482 388 288 439 310
Car 0.906119 631 290 690 310
Car 0.398565 811 290 839 310
Car 0.288415 843 306 860 320
Car 0.626078 449 322 475 343
Car 0.468770 688 321 708 340
Car 0.880494 726 319 755 341
Car 0.685426 442 333 468 356
Car 0.768908 688 335 715 358
Car 0.622825 426 344 455 373
Car 0.584848 688 345 715 374
Car 0.305306 417 364 438 387
Car 0.608795 689 363 713 383
Car 0.963096 889 358 918 382
Car 0.783240 606 367 638 404
Car 0.860199 696 379 722 402
Car 0.765963 370 386 419 430
Car 0.635286 695 390 723 415
Car 0.693955 935 402 961 423
Car 0.297733 244 426 289 451
Pedestrian 0.404382 422 417 434 445
Car 0.836638 690 413 725 443
Car 0.929587 748 418 782 448
Pedestrian 0.274033 43 434 56 454
Car 0.958705 972 452 1019 495
Car 0.869699 807 462 854 509
Car 0.486355 1120 492 1155 516
Car 0.935875 743 493 820 541
Car 0.740236 584 525 640 597
Pedestrian 0.528464 857 548 873 588
Pedestrian 0.691572 162 559 182 604
Car 0.488210 424 546 479 615
Pedestrian 0.558079 1177 597 1193 631
