Truck 0.755716 567 214 715 309
Car 0.698789 891 222 1029 303
Car 0.974521 -5 259 121 362
Car 0.867130 297 312 387 404
Car 0.882531 601 329 789 423
Car 0.977283 909 366 1122 485
Car 0.859794 1299 600 1359 727
Car 0.821518 131 41 172 64
Pedestrian 0.525073 290 74 307 93
Pedestrian 0.745778 469 102 484 130
Car 0.784937 587 100 645 131
Pedestrian 0.806949 408 125 426 150
Car 0.979051 484 125 567 165
Car 0.936855 652 119 734 153
Car 0.973462 745 125 813 164
Car 0.644347 1208 116 1291 157
Car 0.986084 168 128 244 175
Car 0.976049 812 130 879 170
Car 0.295488 930 134 986 174
Car 0.590796 978 130 1077 169
Car 0.882785 871 146 948 185
Car 0.692003 1102 154 1167 194
Pedestrian 0.329166 1345 151 1356 178
Car 0.876714 0 155 27 212
Car 0.881005 341 156 426 205
Car 0.603795 1202 167 1238 190
Pedestrian 0.437509 1260 204 1282 244
Car 0.953823 -1 212 76 270
Pedestrian 0.597890 793 247 819 302
Bike 0.408299 785 272 814 305
Pedestrian 0.845859 121 275 151 334
Bike 0.268871 119 287 156 341
Bike 0.713690 124 312 151 344
Pedestrian 0.274948 6 529 53 579
Pedestrian 0.452050 171 718 264 763
