Car 0.977547 630 495 922 619
Car 0.999335 266 335 485 406
Car 0.327684 755 381 848 456
Car 0.995693 941 361 1157 478
Car 0.445758 732 6 755 16
Car 0.381172 735 11 761 24
Car 0.800502 692 25 714 39
Car 0.818790 749 26 773 41
Car 0.400185 515 56 547 80
Car 0.296385 1036 61 1064 79
Pedestrian 0.419783 479 67 495 95
Car 0.638576 502 67 534 87
Car 0.795995 631 68 671 95
Car 0.348563 1025 66 1055 85
Car 0.906427 297 83 361 119
Car 0.984259 773 82 807 107
Car 0.865883 1014 84 1052 107
Car 0.956777 586 87 641 121
Car 0.902030 931 91 969 120
Car 0.968337 1034 97 1088 126
Car 0.581660 636 113 677 137
Car 0.866314 696 111 734 134
Pedestrian 0.627631 980 114 998 145
Pedestrian 0.252323 1124 113 1140 133
Car 0.788390 61 124 164 159
Car 0.490856 300 130 331 158
Bike 0.392365 583 126 596 143
Car 0.364843 631 124 668 152
Car 0.710122 204 130 271 173
Car 0.872173 632 136 670 169
Car 0.878135 699 131 747 169
Car 0.718555 1111 132 1161 175
Car 0.914998 1122 137 1214 178
Pedestrian 0.543151 1233 144 1249 162
Pedestrian 0.618215 1256 143 1272 165
Car 0.427314 1 139 65 193
Car 0.338785 13 148 110 188
Car 0.618562 0 153 32 208
Bike 0.320626 116 166 157 196
Car 0.979557 817 157 868 205
Car 0.978975 1164 160 1259 201
Car 0.915289 1247 178 1329 217
Car 0.978196 1281 190 1358 236
Pedestrian 0.417435 173 197 197 248
