Pedestrian 0.990985 453 234 492 316
Pedestrian 0.783636 294 255 330 330
Pedestrian 0.982487 163 287 201 360
Pedestrian 0.993886 259 288 300 368
Pedestrian 0.603101 62 17 74 40
Pedestrian 0.380050 128 13 138 37
Pedestrian 0.446183 152 27 160 41
Pedestrian 0.271184 172 26 181 45
Pedestrian 0.860069 2 35 16 60
Pedestrian 0.655969 174 35 185 60
Pedestrian 0.285035 223 33 234 60
Pedestrian 0.900903 129 47 143 71
Pedestrian 0.897189 186 43 200 68
Pedestrian 0.904555 61 75 77 103
Pedestrian 0.715271 171 83 187 108
Pedestrian 0.664507 177 84 195 110
Pedestrian 0.908671 247 97 264 134
Pedestrian 0.846174 259 97 276 136
Pedestrian 0.759757 269 97 287 137
Pedestrian 0.917616 212 106 234 144
Pedestrian 0.989118 272 152 298 210
Pedestrian 0.994433 73 163 104 224
Pedestrian 0.857413 207 164 241 213
Pedestrian 0.911377 490 235 517 316
Pedestrian 0.949531 289 256 319 319
Pedestrian 0.939225 326 254 350 333
