Car 0.975401 93 153 238 231
Car 0.999008 68 230 279 307
Car 0.931584 1191 246 1360 336
Car 0.997230 590 329 755 461
Car 0.282851 271 3 293 9
Car 0.786798 428 2 469 22
Car 0.583633 42 5 99 40
Car 0.710426 164 13 205 29
Pedestrian 0.805127 486 7 504 35
Pedestrian 0.260037 653 14 671 29
Car 0.714945 90 32 131 50
Car 0.780710 168 25 210 44
Car 0.427993 238 23 254 41
Car 0.343588 604 23 637 52
Car 0.306274 607 21 664 59
Pedestrian 0.297602 712 26 728 44
Car 0.606685 86 34 139 71
Car 0.753445 170 40 217 61
Car 0.984131 291 35 338 74
Car 0.907764 622 32 714 70
Bike 0.297789 1068 37 1098 54
Car 0.888152 652 44 732 81
Car 0.734273 962 52 1047 85
Car 0.972710 70 58 143 109
Car 0.942677 173 57 227 97
Car 0.882197 724 58 784 92
Car 0.995889 749 65 840 106
Car 0.359575 1266 58 1358 95
Car 0.966535 848 71 923 113
Car 0.860670 1058 76 1158 114
Car 0.986781 948 85 1060 122
Car 0.997530 281 93 348 147
Car 0.945019 1157 139 1283 190
Pedestrian 0.937391 952 233 976 288
Pedestrian 0.909449 829 245 862 301
Bike 0.545580 800 264 843 311
Bike 0.275876 824 258 861 308
Bike 0.301987 962 266 983 297
Pedestrian 0.307770 500 315 524 344
Pedestrian 0.315593 487 317 528 374
Bike 0.729144 482 332 532 388
Pedestrian 0.746018 176 364 202 422
Pedestrian 0.908184 146 360 189 440
Pedestrian 0.980859 86 373 133 463
Pedestrian 0.753483 119 381 151 450
