Car 0.517619 409 2 451 21
Car 0.781451 585 2 625 18
Car 0.499275 900 0 952 11
Car 0.939101 774 3 830 38
Car 0.914610 43 50 130 100
Pedestrian 0.329079 213 56 234 95
Car 0.746972 117 65 187 123
Car 0.955096 461 83 508 129
Pedestrian 0.367434 1251 129 1274 158
Car 0.984697 348 115 412 186
Car 0.899639 1041 120 1176 178
Car 0.316215 1321 121 1358 188
Car 0.979609 456 132 517 204
Pedestrian 0.882152 994 150 1013 189
Pedestrian 0.448909 1223 145 1263 193
Pedestrian 0.873299 879 177 906 228
Pedestrian 0.839442 987 206 1009 253
Pedestrian 0.521029 136 230 161 287
Pedestrian 0.956574 335 269 364 331
Pedestrian 0.959587 1309 366 1350 436
Pedestrian 0.937861 611 407 665 460
Pedestrian 0.434674 645 412 680 461
