Car 0.281226 655 247 687 267
Car 0.663934 682 262 713 280
Car 0.318227 651 277 679 300
Car 0.315528 726 281 758 298
Car 0.422973 655 287 691 308
Car 0.649589 760 304 793 324
Car 0.681915 773 309 820 331
Car 0.334134 814 323 842 342
Car 0.614246 818 332 848 353
Car 0.429957 1010 349 1056 371
Truck 0.310254 398 396 480 440
Car 0.555916 900 428 953 473
Car 0.812611 1005 426 1050 458
Car 0.760099 1127 549 1191 603
Car 0.866662 198 592 275 630
Car 0.499023 1329 593 1359 627
Car 0.993264 136 628 250 674
Car 0.967752 275 637 387 692
