Pedestrian 0.790792 171 50 927 488
Car 0.825479 0 67 85 124
Pedestrian 0.369242 772 201 822 278
Pedestrian 0.978049 256 421 292 509
Pedestrian 0.395750 438 136 456 166
Pedestrian 0.564260 385 141 409 194
Pedestrian 0.400390 496 149 516 193
Pedestrian 0.705266 522 166 540 212
Pedestrian 0.458863 693 175 716 227
Pedestrian 0.432504 379 182 402 235
Pedestrian 0.633270 324 203 347 241
Pedestrian 0.405070 668 193 701 248
Pedestrian 0.757286 735 209 760 259
Pedestrian 0.784614 287 223 306 264
Pedestrian 0.268661 525 225 549 285
Pedestrian 0.387230 782 223 810 282
Pedestrian 0.894531 845 231 878 281
Pedestrian 0.926843 400 233 429 289
Pedestrian 0.400783 620 250 642 301
Pedestrian 0.473009 662 259 685 314
Pedestrian 0.743982 673 251 698 314
Pedestrian 0.674077 934 261 957 329
Pedestrian 0.874088 269 273 295 333
Pedestrian 0.258701 584 291 612 343
Pedestrian 0.882622 751 291 783 345
Pedestrian 0.571223 782 292 812 345
Pedestrian 0.979165 194 300 224 355
Pedestrian 0.680408 230 296 264 352
Pedestrian 0.994663 304 302 336 365
Pedestrian 0.350140 598 336 621 376
Pedestrian 0.561689 672 322 700 387
Pedestrian 0.449894 241 341 265 392
Pedestrian 0.984451 404 337 433 398
Pedestrian 0.786617 733 341 765 390
Pedestrian 0.683897 265 350 293 409
umbrella 0.950326 450 363 525 391
Pedestrian 0.296365 455 383 486 436
Pedestrian 0.635799 726 388 754 449
umbrella 0.923479 347 436 431 479
Pedestrian 0.329464 356 479 400 524
Pedestrian 0.731698 5 482 47 537
