Truck 0.722297 530 321 694 401
Truck 0.572157 961 380 1061 465
Car 0.941945 985 587 1097 698
Car 0.883337 169 103 213 125
Car 0.422958 1121 103 1171 121
Car 0.720615 298 113 350 137
Car 0.698111 903 118 962 138
Car 0.767224 390 125 467 158
Car 0.533941 693 127 750 151
Car 0.696262 812 140 848 164
Car 0.351106 923 140 954 164
Car 0.595409 514 162 547 198
Car 0.525380 3 195 32 228
Car 0.292596 764 242 821 280
Truck 0.547251 315 240 441 296
Pedestrian 0.507258 893 401 912 428
Pedestrian 0.319547 910 400 931 428
umbrella 0.585556 544 517 645 583
