Pedestrian 0.649330 131 607 1468 960
Pedestrian 0.843036 55 900 131 1077
Pedestrian 0.819963 156 890 227 1078
Pedestrian 0.672824 375 898 451 1080
Pedestrian 0.976719 597 878 665 1067
Pedestrian 0.256782 632 877 705 1069
Pedestrian 0.263528 939 610 956 647
Pedestrian 0.486792 965 607 984 646
Pedestrian 0.284365 669 622 694 679
Pedestrian 0.442107 706 623 732 676
Pedestrian 0.273854 830 650 855 704
Pedestrian 0.716290 850 648 874 702
Pedestrian 0.419161 528 655 564 732
Pedestrian 0.705886 1304 667 1328 717
Pedestrian 0.474733 1332 663 1356 722
Pedestrian 0.465500 625 673 656 757
Pedestrian 0.882366 652 680 689 761
Pedestrian 0.268296 1025 691 1052 739
Pedestrian 0.710276 1371 685 1400 753
Pedestrian 0.438990 405 695 437 779
Pedestrian 0.589411 559 709 593 801
Pedestrian 0.819294 769 705 810 808
Pedestrian 0.635831 1010 704 1047 804
Pedestrian 0.681373 1147 725 1190 801
Pedestrian 0.850663 1404 727 1444 819
Pedestrian 0.333413 396 763 436 878
Pedestrian 0.769333 436 765 486 872
Pedestrian 0.678533 1559 776 1594 867
Pedestrian 0.548374 1609 776 1649 878
Pedestrian 0.362412 333 769 377 912
Pedestrian 0.894103 734 805 786 924
Pedestrian 0.258957 776 806 810 919
Pedestrian 0.289827 208 825 254 936
Pedestrian 0.423052 363 856 417 948
Pedestrian 0.782651 1437 835 1488 962
Pedestrian 0.951256 1480 820 1525 976
Pedestrian 0.555620 440 857 498 989
Pedestrian 0.982995 1563 843 1620 1001
Pedestrian 0.959273 1622 856 1680 992
Pedestrian 0.703960 590 879 642 1049
Pedestrian 0.387034 629 889 687 1046
Pedestrian 0.555988 1 899 35 1077
Pedestrian 0.325101 230 931 290 1076
