Car 0.881679 127 590 225 666
Car 0.718491 419 620 501 745
Car 0.545486 688 131 716 150
Car 0.498804 700 133 726 152
Car 0.298391 574 173 596 192
Car 0.851197 597 169 624 188
Car 0.826061 647 171 674 190
Car 0.305758 745 177 761 197
Car 0.256460 777 173 798 190
Car 0.322319 554 199 573 224
Car 0.305964 758 217 785 245
Car 0.558034 518 231 547 254
Car 0.961718 755 230 786 252
Car 0.951233 546 243 589 273
Car 0.919224 678 236 706 267
Car 0.526411 767 260 794 285
Car 0.888066 766 269 799 303
Car 0.660671 784 304 824 355
Car 0.304049 789 329 822 360
Car 0.830045 788 343 827 374
Car 0.767367 755 374 787 405
Car 0.780808 522 400 582 473
Pedestrian 0.749138 770 416 785 453
Car 0.913022 803 422 861 484
Pedestrian 0.389948 342 523 360 553
Pedestrian 0.745148 336 522 361 580
Pedestrian 0.441764 363 524 379 577
