Pedestrian 0.988701 131 213 175 289
Pedestrian 0.939668 784 227 831 298
Pedestrian 0.385089 323 348 369 424
Pedestrian 0.995769 502 335 543 439
Pedestrian 0.998576 582 332 629 427
Pedestrian 0.995541 429 355 473 447
Pedestrian 0.987435 266 381 308 472
Pedestrian 0.929050 336 385 383 475
Pedestrian 0.990227 490 443 549 538
Pedestrian 0.607444 52 80 68 109
Pedestrian 0.680048 74 79 95 114
Pedestrian 0.886071 17 96 34 139
Pedestrian 0.984310 67 112 88 151
Pedestrian 0.401902 123 112 148 145
Pedestrian 0.940208 49 126 69 173
Pedestrian 0.903565 131 124 155 174
Pedestrian 0.966077 275 137 297 189
Pedestrian 0.896598 102 151 128 193
Pedestrian 0.685387 121 154 147 193
Pedestrian 0.648988 797 144 821 193
Bike 0.598766 806 165 841 194
skateboard 0.261509 126 182 147 198
Pedestrian 0.254897 640 174 669 205
Pedestrian 0.980910 308 175 333 243
Pedestrian 0.935545 914 186 940 241
Pedestrian 0.984015 870 192 908 247
Pedestrian 0.897082 938 194 959 247
Pedestrian 0.996788 405 225 431 300
Pedestrian 0.986049 479 232 506 300
Pedestrian 0.993920 451 224 481 324
Pedestrian 0.774597 330 347 361 406
sportsball 0.793537 386 420 393 426
