Car 0.970180 1146 192 1325 255
Car 0.997343 450 227 651 308
Car 0.974933 937 243 1132 338
Car 0.987085 4 257 131 347
Car 0.977083 200 316 420 434
Car 0.997101 1031 339 1290 437
Car 0.998362 650 385 886 480
Car 0.501041 43 0 87 11
Car 0.259869 464 0 497 11
Car 0.787090 534 1 570 20
Car 0.435262 599 -1 631 9
Car 0.798937 620 1 673 19
Car 0.974597 281 7 320 36
Car 0.264470 347 16 368 33
Pedestrian 0.529855 32 24 54 50
Car 0.868455 208 23 251 46
Car 0.470766 709 22 771 58
Car 0.452260 204 31 257 69
Car 0.687066 722 33 822 73
Car 0.946913 748 44 832 83
Car 0.987478 193 56 258 102
Car 0.568208 291 48 349 112
Car 0.781104 823 61 882 95
Car 0.985706 850 65 938 109
Car 0.854465 1066 61 1155 94
Car 0.973494 953 75 1025 119
Car 0.887140 1168 80 1272 121
Car 0.990894 1049 88 1169 127
Pedestrian 0.813236 90 184 127 235
Bike 0.870337 74 209 164 244
Pedestrian 0.296911 528 241 560 262
Pedestrian 0.811673 1145 303 1177 335
