Car 0.750934 950 466 1057 559
Truck 0.375208 1040 596 1206 748
Pedestrian 0.271970 662 177 672 194
Car 0.778764 703 184 729 208
Car 0.980173 651 214 678 236
Car 0.384694 1119 222 1150 239
Car 0.634889 1105 229 1133 250
Car 0.892179 1114 227 1156 252
Car 0.350825 1139 235 1176 257
Car 0.956720 1139 242 1187 270
Car 0.607498 1193 254 1236 281
Car 0.257289 568 274 589 296
Car 0.942407 600 268 632 301
Car 0.290223 1093 274 1115 296
Pedestrian 0.351718 1199 277 1226 304
Car 0.782741 822 292 862 320
Bike 0.520597 1204 285 1231 307
Car 0.799304 1254 285 1316 320
Car 0.922285 1098 299 1153 341
Truck 0.301079 1286 299 1360 358
Pedestrian 0.908656 1258 343 1277 375
Car 0.667795 745 344 791 401
Car 0.425825 1169 362 1273 416
Car 0.623829 1138 408 1206 464
Pedestrian 0.923280 900 472 918 510
Bike 0.325060 901 492 915 520
Car 0.508991 636 711 733 763
