Car 0.866684 471 11 482 17
Car 0.358899 476 9 487 15
Car 0.274627 473 31 483 42
Car 0.576020 468 40 480 49
Car 0.536038 469 63 484 74
Car 0.716518 470 79 484 93
Car 0.443880 501 79 518 91
Car 0.288823 483 114 495 126
Car 0.610072 507 120 529 135
Bike 0.319584 388 131 397 146
Car 0.357203 453 154 472 174
Car 0.826583 593 159 613 176
Car 0.900783 386 171 409 194
Truck 0.734039 478 156 500 227
Car 0.511835 603 186 624 213
Car 0.424759 444 211 463 234
Car 0.293964 482 212 501 230
Car 0.637570 528 218 550 239
Pedestrian 0.366927 277 359 289 381
Bike 0.297436 276 366 289 388
Pedestrian 0.760246 495 376 504 401
Pedestrian 0.516835 245 406 258 435
