Pedestrian 0.563125 449 555 1467 865
Pedestrian 0.476188 810 768 874 934
Pedestrian 0.996840 270 925 376 1079
Pedestrian 0.956549 665 938 755 1077
Pedestrian 0.455104 1184 628 1209 680
Pedestrian 0.357283 1224 621 1248 679
Pedestrian 0.515191 680 644 707 707
Pedestrian 0.320675 700 642 727 703
Pedestrian 0.561504 771 646 800 713
Pedestrian 0.285933 822 645 852 702
Pedestrian 0.399668 853 645 882 702
Pedestrian 0.348049 888 628 919 709
Pedestrian 0.748391 1003 649 1043 736
Pedestrian 0.941439 1227 671 1266 771
Pedestrian 0.512774 670 687 707 788
Pedestrian 0.884604 703 681 740 789
Pedestrian 0.858539 1173 681 1205 789
Pedestrian 0.919603 437 692 473 812
Pedestrian 0.981314 468 695 521 813
Pedestrian 0.885020 938 709 970 803
Pedestrian 0.782456 986 702 1029 807
handbag 0.412337 1252 793 1289 842
handbag 0.319375 739 816 768 855
Pedestrian 0.908845 800 770 847 916
Pedestrian 0.829580 851 765 900 922
backpack 0.467897 918 817 953 858
Pedestrian 0.979261 1274 761 1334 910
Pedestrian 0.735869 745 780 795 938
Pedestrian 0.692100 887 782 936 928
