Pedestrian 0.423636 -32 597 1088 987
Pedestrian 0.549688 1478 863 1546 1038
Pedestrian 0.705193 1388 894 1465 1067
Pedestrian 0.410775 733 606 754 652
Pedestrian 0.328339 787 632 810 675
Pedestrian 0.303920 633 647 659 706
Pedestrian 0.595476 671 644 700 709
Pedestrian 0.350586 570 653 602 738
Pedestrian 0.454988 586 651 618 739
Pedestrian 0.279450 115 673 157 757
Pedestrian 0.258647 149 672 185 757
Pedestrian 0.704235 254 710 291 757
Pedestrian 0.656135 436 717 475 810
Pedestrian 0.897116 501 724 544 829
Pedestrian 0.716155 565 729 601 827
Pedestrian 0.747851 278 740 330 850
Pedestrian 0.738681 911 764 946 870
Pedestrian 0.837884 178 779 226 903
Pedestrian 0.284106 946 777 988 896
Pedestrian 0.974332 1125 776 1172 905
Pedestrian 0.817637 1182 789 1224 900
Pedestrian 0.514641 1297 785 1337 887
Pedestrian 0.767818 317 818 363 941
Pedestrian 0.672973 368 822 419 940
Pedestrian 0.911047 814 811 871 960
Pedestrian 0.792356 88 826 146 977
Pedestrian 0.488020 27 835 79 1011
Pedestrian 0.837468 1323 854 1369 981
Pedestrian 0.704290 1505 861 1559 1035
Pedestrian 0.957341 1100 895 1155 1025
Pedestrian 0.886900 1168 898 1218 1026
Pedestrian 0.940724 273 941 339 1073
Pedestrian 0.967623 362 915 416 1089
Pedestrian 0.350859 1391 949 1455 1058
Pedestrian 0.648619 38 997 129 1075
Pedestrian 0.882800 110 1011 206 1079
