Car 0.650477 81 192 257 267
Car 0.995539 969 181 1119 253
Car 0.977904 1058 241 1255 320
Car 0.349421 0 329 54 455
Car 0.373564 888 0 930 9
Car 0.691711 1193 0 1222 11
Pedestrian 0.576658 369 11 390 33
Car 0.906078 560 7 636 39
Car 0.639389 686 -2 763 36
Car 0.964519 29 23 117 61
Car 0.325836 487 23 548 57
Car 0.630604 1101 27 1139 45
Car 0.918821 1207 19 1243 42
Car 0.448985 431 33 491 75
Car 0.746236 600 35 661 76
Car 0.753142 1030 37 1070 59
Car 0.433557 1101 39 1140 59
Car 0.950819 113 40 226 80
Car 0.961850 247 39 315 79
Car 0.963685 309 40 383 82
Car 0.940696 375 46 451 88
Car 0.343295 1011 55 1066 78
Car 0.995654 710 58 813 97
Car 0.985195 1004 59 1067 105
Car 0.985199 1096 64 1148 106
Car 0.755154 1255 67 1287 96
Car 0.980316 64 98 203 147
Pedestrian 0.858884 474 135 494 179
Pedestrian 0.513056 204 161 229 215
Pedestrian 0.950709 253 159 280 216
Pedestrian 0.313454 231 172 251 219
Pedestrian 0.917937 450 164 474 223
Pedestrian 0.756980 511 172 545 225
Bike 0.644825 518 197 548 231
Pedestrian 0.366403 432 194 451 254
Pedestrian 0.942053 970 258 1006 322
Bike 0.251239 995 287 1020 315
Bike 0.266502 971 274 1020 325
Pedestrian 0.986965 1134 262 1172 340
Pedestrian 0.951493 1196 283 1237 350
Pedestrian 0.279546 873 719 977 763
