Car 0.989459 448 629 562 748
Car 0.583607 647 150 669 165
Car 0.736753 686 146 706 164
Car 0.448990 682 156 703 172
Car 0.284705 594 169 624 186
Car 0.495816 760 176 784 198
Car 0.396078 843 174 863 187
Car 0.642431 482 183 518 201
Car 0.902021 837 190 870 209
Car 0.548317 202 208 238 228
Car 0.332054 840 202 869 220
Car 0.908882 359 214 418 241
Car 0.838009 855 215 886 233
Car 0.920742 884 221 923 244
Car 0.919866 217 232 295 249
Car 0.975247 571 230 601 253
Car 0.954604 620 231 650 252
Car 0.898522 935 230 962 251
Car 0.966511 983 236 1030 258
Car 0.729483 1 246 37 274
Car 0.970774 100 251 181 281
Car 0.870494 275 260 316 278
Car 0.981667 376 258 424 283
Car 0.652040 677 261 709 286
Car 0.890240 717 252 777 282
Car 0.670680 786 266 829 295
Car 0.375995 993 277 1023 295
Car 0.640831 999 276 1060 297
Pedestrian 0.792674 135 291 155 316
Car 0.959237 425 290 480 321
Car 0.901709 677 281 709 310
Car 0.943486 520 302 565 339
Pedestrian 0.403237 616 305 635 334
Car 0.904669 583 336 626 378
Pedestrian 0.903814 739 372 755 410
Pedestrian 0.689540 753 376 770 410
Pedestrian 0.851332 711 383 726 419
Pedestrian 0.419019 573 410 589 430
Pedestrian 0.303567 974 402 987 427
Pedestrian 0.895309 923 435 939 464
