Truck 0.958172 815 168 1023 274
Truck 0.777253 35 274 187 471
Car 0.312618 786 101 809 117
Truck 0.571599 892 106 1056 145
Pedestrian 0.284416 738 131 751 151
Car 0.508396 346 144 373 161
Car 0.822955 360 146 387 160
Car 0.662596 415 144 442 167
Car 0.565066 709 143 734 161
Car 0.714614 861 144 890 158
Car 0.335314 -1 156 14 177
Car 0.944246 167 161 218 185
Car 0.380528 422 153 454 175
Car 0.718765 432 151 477 179
Car 0.986673 718 161 764 182
Car 0.711047 495 176 525 194
Car 0.342433 495 185 526 199
Car 0.317160 781 182 826 225
Car 0.593760 1092 187 1140 216
Truck 0.351711 1095 184 1178 218
Bus 0.685774 572 189 660 230
Car 0.557509 709 194 742 220
Truck 0.363604 1236 192 1340 229
Car 0.697427 1082 289 1140 325
Car 0.951987 1163 384 1234 442
