Car 0.313431 377 177 388 185
Car 0.331719 388 178 401 187
Car 0.355266 270 222 291 237
Car 0.816209 429 227 450 244
Car 0.393457 221 237 243 252
Car 0.511340 333 236 346 247
Car 0.678022 334 259 353 275
Car 0.414198 202 268 230 283
Car 0.518457 369 264 380 278
Car 0.967853 459 262 477 283
Car 0.948638 499 266 524 282
Car 0.481087 167 278 195 295
Car 0.842000 200 275 224 292
Car 0.531094 163 287 192 303
Car 0.963289 427 296 452 319
Car 0.714448 145 309 181 329
Car 0.934656 463 301 493 330
Pedestrian 0.974038 575 369 591 389
Pedestrian 0.586691 716 368 728 390
Pedestrian 0.774031 552 390 565 408
