Car 0.985451 0 329 157 420
Pedestrian 0.268489 1071 624 1152 709
Car 0.854710 92 0 201 27
Car 0.382977 229 -1 275 4
Car 0.850889 470 0 536 37
Car 0.319010 512 0 567 44
Car 0.302840 57 35 132 95
Car 0.846723 308 48 365 119
Car 0.834998 498 48 571 112
Truck 0.487122 284 108 337 178
Car 0.870155 0 122 119 183
Car 0.958957 544 114 609 185
Pedestrian 0.687938 191 150 212 186
Pedestrian 0.937690 160 248 191 301
Bike 0.520385 165 271 192 306
Pedestrian 0.724564 0 262 29 332
Pedestrian 0.264921 1280 375 1303 404
backpack 0.286302 894 409 919 430
Pedestrian 0.955699 872 396 922 450
Bike 0.311890 1089 427 1134 474
Pedestrian 0.361118 1304 433 1338 489
Pedestrian 0.385914 1336 428 1357 496
Pedestrian 0.335390 1152 447 1187 505
Pedestrian 0.438113 1060 621 1096 686
Pedestrian 0.612479 305 630 365 705
Pedestrian 0.730930 1088 632 1138 705
