Car 0.298446 499 229 513 241
Car 0.514676 308 238 326 249
Car 0.818791 464 235 483 248
Car 0.701515 518 238 536 252
Car 0.475677 300 249 320 259
Car 0.771532 289 256 311 267
Car 0.444136 499 257 515 270
Car 0.330823 516 260 535 274
Car 0.568655 513 267 536 280
Car 0.642824 577 267 593 281
Car 0.908354 268 276 293 289
Car 0.893714 513 277 537 294
Car 0.592156 543 274 559 292
Car 0.363306 386 287 405 307
Car 0.922326 444 287 462 298
Car 0.652040 486 292 505 305
Truck 0.402408 344 321 370 346
Car 0.736101 335 349 353 369
Car 0.439018 330 357 347 375
Car 0.879496 378 357 400 377
Car 0.882510 307 376 327 399
Car 0.856116 413 394 432 421
Car 0.710573 284 407 316 441
Car 0.364707 196 421 225 440
Car 0.499461 281 421 305 441
Car 0.856032 426 419 453 448
Car 0.288366 482 412 500 444
Car 0.983670 210 441 264 468
Truck 0.265336 475 465 500 516
Car 0.933410 521 491 574 519
Car 0.382772 473 503 498 524
Car 0.492585 515 514 571 537
