Car 0.651469 395 641 485 759
Car 0.694600 1091 677 1196 752
Car 0.450507 581 239 597 248
Car 0.291065 555 252 570 265
Car 0.472443 609 251 624 261
Car 0.716354 576 294 594 310
Car 0.587538 601 289 624 301
Car 0.503798 670 294 707 312
Pedestrian 0.271437 583 303 594 322
Car 0.294495 532 327 546 341
Car 0.781999 673 322 703 346
Car 0.364187 705 323 733 342
Car 0.433348 665 328 690 349
Car 0.410601 705 331 734 355
Car 0.923750 589 344 617 372
Car 0.590106 696 351 728 372
Car 0.488392 738 355 765 374
Car 0.713108 704 365 732 385
Car 0.395336 733 363 762 383
Car 0.425345 751 365 777 385
Car 0.930178 722 378 758 403
Car 0.291596 797 379 841 396
Car 0.928606 744 390 809 425
Car 0.558373 491 397 543 445
Car 0.500736 758 420 785 443
Car 0.427322 421 441 474 464
Car 0.868680 485 424 538 469
Car 0.634660 800 425 893 468
Car 0.989208 369 456 476 497
Car 0.340417 834 451 922 500
Pedestrian 0.837141 583 474 602 510
Pedestrian 0.405733 1020 499 1037 521
Pedestrian 0.336112 1058 521 1078 548
Pedestrian 0.331670 1067 523 1085 550
Pedestrian 0.315480 344 537 362 559
