Truck 0.253033 570 334 668 416
Truck 0.401416 481 420 594 542
Truck 0.825484 369 466 487 557
Truck 0.439923 425 516 544 627
Car 0.299552 149 606 247 681
Truck 0.542937 656 608 716 713
Truck 0.753812 224 636 338 750
Truck 0.342392 937 691 1028 760
Car 0.321823 946 103 969 116
Car 0.272467 969 103 986 115
Car 0.384112 913 131 942 149
Car 0.353983 958 127 984 147
Car 0.511095 889 146 921 166
Car 0.323004 856 162 885 178
Car 0.252132 61 173 112 196
Car 0.367559 836 177 876 197
Car 0.286947 860 178 885 193
Car 0.531163 831 187 866 207
Car 0.851490 917 189 949 213
Car 0.499353 79 198 140 233
Car 0.263049 815 202 848 226
Car 0.647419 743 239 784 257
Car 0.532067 791 234 819 257
Car 0.341598 817 231 843 253
Car 0.639062 829 231 856 251
Car 0.416577 957 233 986 256
Car 0.283688 123 237 181 272
Car 0.269080 803 246 829 263
Car 0.373892 713 261 743 282
Car 0.827222 892 261 925 284
Car 0.447225 909 264 943 286
Car 0.634801 936 264 969 284
Car 0.631488 977 260 1021 281
Car 0.254442 41 265 103 313
Pedestrian 0.599580 765 272 776 294
Car 0.807730 961 277 1013 303
Car 0.329312 179 292 210 316
Car 0.438900 230 285 273 317
Car 0.371712 981 284 1020 306
Pedestrian 0.262682 216 316 232 342
Pedestrian 0.711895 574 317 587 341
Car 0.842842 750 317 786 349
Pedestrian 0.393121 872 317 888 337
Car 0.959595 983 322 1049 350
Car 0.929190 168 320 220 360
Pedestrian 0.456462 688 333 705 356
Pedestrian 0.335831 702 330 718 352
Car 0.378362 74 349 111 374
Car 0.316750 959 347 1015 366
Car 0.337949 254 363 282 385
Car 0.777483 345 359 409 395
Car 0.738733 698 358 759 400
Car 0.868236 955 352 1021 397
Car 0.650194 275 358 375 423
Pedestrian 0.429137 474 377 495 404
Car 0.290710 513 366 565 411
Car 0.335498 956 373 1001 401
Pedestrian 0.321291 251 397 267 421
Pedestrian 0.260641 256 394 273 424
Pedestrian 0.307953 523 386 544 414
Car 0.269212 177 407 209 431
Bike 0.272666 255 405 272 425
Car 0.804742 696 394 742 443
Car 0.919056 908 398 956 445
Car 0.490984 195 432 236 463
Car 0.916586 802 424 841 476
Pedestrian 0.282904 605 449 621 474
Truck 0.639811 665 418 719 509
Car 0.808810 67 451 185 497
Bike 0.326575 314 461 342 491
Pedestrian 0.441825 242 509 262 538
Truck 0.843973 953 507 1000 570
Pedestrian 0.310082 1153 521 1175 551
Car 0.893564 213 538 321 595
Car 0.425991 706 529 749 592
Car 0.961307 74 550 195 609
Bus 0.356969 937 569 989 652
Car 0.591176 613 628 656 682
Pedestrian 0.260654 825 648 840 681
Pedestrian 0.659096 562 681 582 715
Truck 0.735995 946 699 1009 766
Truck 0.623597 756 719 815 764
