Truck 0.710369 615 442 727 506
Truck 0.304634 534 193 550 209
Truck 0.256818 461 203 483 219
Car 0.324598 442 246 461 260
Car 0.690409 496 246 515 260
Car 0.351267 537 249 556 261
Car 0.268629 550 246 568 259
Car 0.261038 461 257 475 270
Car 0.306475 538 257 554 271
Car 0.453487 459 267 474 282
Car 0.723448 425 288 446 303
Pedestrian 0.297739 478 286 486 300
Pedestrian 0.309341 518 311 531 325
Car 0.309794 417 314 439 334
Pedestrian 0.377108 452 320 460 336
Pedestrian 0.346690 465 322 474 337
Bike 0.453471 519 317 530 331
Pedestrian 0.672747 519 371 526 394
Truck 0.521718 576 372 613 402
boat 0.530010 488 387 500 409
Truck 0.252838 621 394 654 430
boat 0.297069 528 403 546 430
