Truck 0.355305 285 693 398 765
Car 0.367093 579 15 607 26
Car 0.468156 468 90 500 107
Car 0.283797 500 90 522 103
Car 0.300041 579 87 599 99
Car 0.869042 433 103 466 120
Car 0.533545 565 100 592 115
Car 0.483988 631 98 656 113
Car 0.813484 645 98 678 115
Car 0.488509 422 115 449 133
Car 0.353540 210 125 248 152
Car 0.669440 635 147 659 167
Truck 0.303661 675 160 722 198
Car 0.919586 599 189 622 209
Car 0.263738 731 204 759 220
Car 0.630880 539 250 569 274
Car 0.923778 599 272 625 297
Car 0.720601 542 285 565 309
Car 0.551382 754 292 791 314
Car 0.395168 753 304 790 326
Car 0.542692 750 319 791 340
Truck 0.431542 516 326 562 356
Truck 0.276373 540 369 577 417
Car 0.832077 721 379 752 408
Truck 0.419627 482 381 537 417
Car 0.482148 546 384 575 419
Car 0.893450 808 402 877 436
Car 0.775554 518 407 557 456
Car 0.850908 741 419 805 454
Truck 0.629466 928 418 980 479
Car 0.846440 804 441 873 483
Car 0.413688 421 461 495 494
Car 0.376966 464 462 496 492
Car 0.651049 716 450 757 498
Car 0.863531 533 467 568 507
Pedestrian 0.800806 918 508 930 536
Car 0.403685 489 510 527 565
Truck 0.819866 760 512 797 569
Pedestrian 0.321362 953 539 968 562
Pedestrian 0.358847 971 534 986 563
Car 0.723428 484 546 545 621
Pedestrian 0.319760 321 583 336 612
Pedestrian 0.344052 951 585 961 613
Truck 0.387016 805 588 888 637
Pedestrian 0.638418 913 594 926 619
Pedestrian 0.410222 1053 595 1067 623
Pedestrian 0.269487 1232 597 1249 629
Pedestrian 0.441997 679 610 693 644
Car 0.382304 518 608 563 677
Pedestrian 0.436638 1132 624 1152 646
Car 0.698640 399 640 482 699
Pedestrian 0.297692 919 656 933 681
Pedestrian 0.359179 927 667 943 697
Pedestrian 0.589423 938 662 955 697
Pedestrian 0.779055 1135 664 1151 701
Pedestrian 0.278024 868 694 886 713
Car 0.281722 1157 699 1240 735
Car 0.614075 470 696 526 767
Truck 0.562814 842 703 950 764
