Car 0.783992 1268 468 1352 553
Car 0.886239 720 508 798 596
Truck 0.831318 921 560 1015 661
Car 0.454775 687 118 704 129
Car 0.545815 714 150 732 163
Car 0.612177 737 149 756 163
Car 0.940153 676 162 697 176
Car 0.644864 713 157 734 172
Car 0.276630 737 158 755 170
Car 0.540475 621 170 645 197
Car 0.903935 713 177 737 194
Car 0.740774 738 184 764 202
Car 0.457320 758 186 781 203
Car 0.457264 590 223 615 249
Car 0.756160 789 232 822 262
Car 0.941845 639 267 675 295
Truck 0.526509 792 275 824 329
Car 0.709426 601 330 639 356
Car 0.285424 996 328 1012 354
Car 0.885456 593 335 640 383
Car 0.960067 930 345 979 386
Car 0.976376 1154 359 1224 402
Car 0.953459 713 404 759 451
Car 0.819597 1250 427 1355 477
Car 0.911375 1268 462 1357 518
Car 0.671954 1291 487 1358 557
Pedestrian 0.668557 284 575 314 646
