Car 0.986013 634 588 781 748
Car 0.659661 941 17 962 31
Car 0.509710 975 15 992 25
Car 0.531093 997 15 1020 26
Car 0.254488 1014 17 1034 28
Car 0.688005 899 31 920 46
Car 0.703409 915 27 934 42
Car 0.409197 892 43 914 58
Car 0.576324 958 42 1015 64
Car 0.777893 883 52 914 81
Pedestrian 0.859547 976 73 988 91
Car 0.270401 767 89 793 108
Car 0.441203 813 110 851 141
Car 0.362551 831 110 862 139
Pedestrian 0.630552 973 118 987 135
Pedestrian 0.269969 729 133 744 175
trafficlight 0.506161 110 155 128 183
Pedestrian 0.272227 639 150 657 185
Pedestrian 0.484753 652 153 670 186
Car 0.910087 966 155 1006 185
Car 0.370362 83 185 173 218
Car 0.288658 657 184 719 217
Car 0.521546 999 187 1032 213
Pedestrian 0.351983 338 206 352 228
Car 0.979347 741 192 794 232
Car 0.962623 831 193 873 236
Car 0.959124 628 207 706 240
Truck 0.656838 1011 212 1103 276
Car 0.944184 238 235 298 282
Car 0.953475 315 229 369 280
Car 0.838503 389 240 436 282
Car 0.464940 594 231 645 285
Car 0.934045 457 246 503 291
Pedestrian 0.955845 730 255 748 296
Car 0.970486 948 243 1025 289
Pedestrian 0.298079 63 269 86 304
Car 0.362876 553 273 631 309
Pedestrian 0.951553 653 269 675 305
Car 0.399705 989 270 1038 308
Car 0.882503 779 280 837 339
Car 0.279271 1167 304 1197 331
Car 0.947314 953 305 1025 361
Car 0.908183 858 345 907 403
Pedestrian 0.759939 944 363 963 410
Car 0.958083 989 363 1055 435
trafficlight 0.414831 1093 391 1112 419
Pedestrian 0.985226 360 482 391 537
Pedestrian 0.606550 961 499 982 525
Pedestrian 0.559314 955 497 985 548
Pedestrian 0.779291 250 508 284 564
Bike 0.561414 952 511 990 557
Pedestrian 0.924716 304 607 335 676
Pedestrian 0.277033 224 709 261 766
