Car 0.662135 463 165 488 179
Car 0.714630 536 194 562 204
Car 0.359136 492 239 507 251
Car 0.527804 495 248 511 261
Car 0.758355 467 255 487 269
Car 0.913640 497 259 515 271
Car 0.601128 502 268 519 280
Car 0.863744 472 273 494 288
Car 0.519383 505 277 522 290
Car 0.916895 508 288 529 305
Car 0.498136 511 297 528 311
Truck 0.495157 476 303 505 337
Car 0.920410 516 309 534 326
Car 0.256488 240 317 268 333
Car 0.405262 480 316 505 339
Car 0.501752 225 326 264 352
Pedestrian 0.381798 322 329 334 350
Car 0.807179 526 327 553 351
Car 0.947089 489 354 515 383
Car 0.284158 642 413 675 452
