Pedestrian 0.402352 484 569 1438 810
Pedestrian 0.488596 111 822 211 943
Pedestrian 0.736750 821 812 883 978
Pedestrian 0.900084 857 812 923 980
Pedestrian 0.995155 1292 941 1400 1075
Pedestrian 0.250588 933 575 949 612
Pedestrian 0.454833 823 595 840 632
Pedestrian 0.297430 927 591 943 626
Pedestrian 0.278224 1154 587 1176 644
Pedestrian 0.400071 704 613 722 655
Pedestrian 0.310781 649 634 667 677
Pedestrian 0.467124 674 636 692 678
Pedestrian 0.773236 885 643 913 703
Pedestrian 0.428086 913 637 941 704
Pedestrian 0.578390 1070 653 1096 700
Pedestrian 0.633494 1308 638 1338 699
Pedestrian 0.716845 988 656 1016 724
Pedestrian 0.542712 1038 660 1066 723
Pedestrian 0.445788 1099 664 1129 722
Pedestrian 0.734261 1353 661 1387 766
Pedestrian 0.548156 521 691 555 788
Pedestrian 0.923352 716 685 745 778
Pedestrian 0.878548 1394 679 1438 790
Pedestrian 0.877750 1446 678 1491 797
Pedestrian 0.448851 283 734 335 826
Pedestrian 0.913813 1047 744 1084 856
Pedestrian 0.962733 1118 735 1161 864
Pedestrian 0.997694 482 776 538 951
Pedestrian 0.944333 566 788 622 938
Pedestrian 0.777032 105 832 170 936
Pedestrian 0.974677 1401 797 1452 959
Pedestrian 0.972934 359 812 410 993
Pedestrian 0.950369 793 811 852 983
