Car 0.971921 607 372 720 486
Car 0.898336 718 525 837 739
Car 0.594282 1032 680 1221 761
Car 0.548105 940 17 975 32
Car 0.273035 886 68 930 117
trafficlight 0.541758 980 78 1001 102
trafficlight 0.368789 1040 85 1068 107
trafficlight 0.331156 1067 84 1089 104
Car 0.378309 887 100 929 124
trafficlight 0.368322 1090 93 1119 116
Car 0.457927 822 140 857 167
Car 0.711695 883 138 918 172
Car 0.787610 507 164 563 202
Car 0.646487 1213 163 1271 204
Car 0.894640 789 179 838 225
Pedestrian 0.260885 229 199 254 226
Pedestrian 0.269004 465 198 488 233
Car 0.283115 554 191 615 227
Pedestrian 0.312783 119 205 156 255
Pedestrian 0.324921 315 214 337 244
Pedestrian 0.258540 363 214 389 243
Pedestrian 0.313621 283 221 307 260
Pedestrian 0.346097 337 221 364 257
Pedestrian 0.616506 678 231 699 260
Car 0.946536 858 210 911 269
Pedestrian 0.289306 188 235 214 270
Pedestrian 0.672495 234 228 263 280
Pedestrian 0.266563 306 237 331 273
Car 0.909546 749 238 806 280
Car 0.329846 1079 229 1121 281
Pedestrian 0.460572 90 246 114 294
Pedestrian 0.254353 151 253 175 291
Car 0.785077 743 261 796 309
Car 0.947067 832 274 901 352
Pedestrian 0.371408 253 337 283 390
Pedestrian 0.517998 1205 339 1227 378
Bike 0.332251 1203 362 1228 391
