Pedestrian 0.626885 -27 588 1340 980
Pedestrian 0.666791 1625 738 1703 878
Pedestrian 0.599601 16 800 100 967
Pedestrian 0.874885 140 808 208 972
Pedestrian 0.950643 225 834 294 1014
Pedestrian 0.963528 406 910 491 1073
Pedestrian 0.960045 511 905 611 1078
Pedestrian 0.943367 1687 869 1770 1068
Pedestrian 0.537329 1743 879 1834 1069
Pedestrian 0.808074 597 929 683 1076
Pedestrian 0.384663 704 935 789 1075
umbrella 0.253060 843 583 911 606
Pedestrian 0.267624 714 607 743 664
Pedestrian 0.594364 813 602 839 660
Pedestrian 0.302656 863 608 881 651
Pedestrian 0.330625 1036 630 1059 674
Pedestrian 0.299760 225 658 251 724
Pedestrian 0.472228 517 663 554 741
Pedestrian 0.567968 1196 648 1229 738
Pedestrian 0.313896 484 693 510 745
Pedestrian 0.406356 1123 685 1149 739
Pedestrian 0.417959 359 696 390 785
Pedestrian 0.775895 190 722 236 804
Pedestrian 0.451234 328 723 356 788
Pedestrian 0.395083 1344 705 1378 814
Pedestrian 0.271478 43 729 84 823
Pedestrian 0.308855 127 728 174 823
Pedestrian 0.494085 1392 722 1426 835
Pedestrian 0.665957 1497 724 1542 831
handbag 0.273368 1343 782 1367 815
Pedestrian 0.827960 1362 741 1409 862
Pedestrian 0.958878 716 761 774 908
Pedestrian 0.918271 767 776 827 904
Pedestrian 0.970431 830 773 884 909
Pedestrian 0.966486 1091 781 1136 893
Pedestrian 0.956584 1150 774 1204 897
Pedestrian 0.846284 1209 788 1268 901
Pedestrian 0.834115 29 809 90 946
handbag 0.296539 118 865 151 903
Pedestrian 0.685001 119 809 163 958
Pedestrian 0.830619 164 802 224 969
Pedestrian 0.424155 222 831 278 977
Pedestrian 0.907816 990 840 1044 999
handbag 0.299841 1675 950 1713 995
handbag 0.345243 715 954 779 1062
