Pedestrian 0.401450 139 584 1203 798
Pedestrian 0.577681 1049 730 1127 890
Pedestrian 0.992032 345 896 413 1078
Pedestrian 0.381310 852 594 870 633
Pedestrian 0.301120 932 615 949 645
Pedestrian 0.616118 742 625 761 671
Pedestrian 0.389151 809 630 829 673
Pedestrian 0.528422 406 646 434 698
Pedestrian 0.477709 562 646 590 697
Pedestrian 0.777168 680 655 703 702
Pedestrian 0.432441 1003 657 1025 698
Pedestrian 0.527819 519 658 548 722
Pedestrian 0.473088 737 686 760 738
Pedestrian 0.424874 773 684 799 741
Pedestrian 0.637099 802 680 837 757
Pedestrian 0.538666 906 686 930 743
Pedestrian 0.970419 343 709 382 810
Pedestrian 0.827079 420 712 451 802
Pedestrian 0.956620 451 713 487 801
Pedestrian 0.332256 1040 726 1070 783
Pedestrian 0.855111 268 736 311 834
Pedestrian 0.532994 1203 705 1244 861
Pedestrian 0.875464 1070 720 1119 878
Pedestrian 0.600992 1471 777 1526 873
Pedestrian 0.615763 5 772 54 903
Pedestrian 0.889048 56 778 109 902
Pedestrian 0.992787 15 964 116 1081
Pedestrian 0.972108 277 969 342 1079
umbrella 0.716803 1290 992 1448 1070
