Car 0.355573 333 226 348 236
Car 0.252303 444 231 459 240
Car 0.412666 310 241 333 253
Car 0.270136 448 237 460 245
Car 0.629776 460 239 474 249
Car 0.434639 515 239 532 251
Car 0.409151 408 248 426 262
Car 0.526973 459 246 472 256
Car 0.280087 503 243 520 258
Car 0.505919 470 270 482 281
Car 0.409963 355 311 371 323
Car 0.818363 352 320 368 334
Car 0.959711 430 321 450 335
Car 0.351108 317 333 338 345
Car 0.947414 386 325 404 341
Car 0.322135 487 335 500 360
Car 0.575509 528 350 550 367
Truck 0.684409 309 348 338 390
Car 0.388528 483 355 503 375
Car 0.838277 513 359 546 377
Car 0.600403 288 390 313 422
Car 0.668806 554 408 574 431
Pedestrian 0.277232 563 454 571 468
Car 0.513301 252 458 274 481
Pedestrian 0.685426 349 474 360 494
Truck 0.719866 229 474 263 514
Car 0.781224 379 479 408 513
