Bus 0.501918 533 623 606 736
Car 0.326346 508 4 526 14
Car 0.560322 497 17 515 26
Car 0.405992 549 13 568 23
Car 0.448295 754 18 796 34
Car 0.580412 520 57 543 82
Car 0.932704 556 102 588 124
Car 0.886501 634 97 667 128
Car 0.788356 529 116 555 137
Car 0.901933 670 113 696 137
Car 0.962185 631 159 664 183
Car 0.946197 674 160 708 182
Car 0.765848 1327 203 1355 230
Car 0.989326 754 304 806 348
Car 0.855542 511 332 546 378
Car 0.938805 657 333 705 391
Pedestrian 0.329605 1321 380 1334 400
Pedestrian 0.254066 395 392 409 417
Car 0.907606 479 391 522 448
Pedestrian 0.454573 1338 434 1353 459
Car 0.866176 369 436 409 495
Car 0.921578 492 448 537 499
Car 0.943808 869 453 947 512
Car 0.529668 513 498 568 579
Car 0.854920 594 532 653 606
Car 0.297316 603 572 657 609
