Car 0.902593 -3 528 120 637
Car 0.946180 122 525 246 636
Car 0.996906 233 552 416 648
Car 0.768766 928 548 1015 637
Car 0.920021 729 660 824 758
Car 0.822498 926 676 1085 761
Car 0.588738 495 0 521 10
Car 0.532636 740 5 766 17
Car 0.840416 622 19 646 33
Car 0.654288 607 26 631 42
Car 0.939071 707 22 736 40
Car 0.705719 440 32 472 57
Car 0.816341 610 40 636 68
Car 0.765969 485 54 518 79
Car 0.956259 600 84 631 110
Car 0.799301 802 103 850 132
Car 0.964475 365 140 411 179
Car 0.907719 771 132 818 165
Car 0.957233 656 152 689 186
Pedestrian 0.629600 835 167 856 197
Car 0.996513 468 184 552 217
Car 0.807058 583 176 615 216
Pedestrian 0.738308 780 180 792 211
Car 0.991352 305 191 385 230
Car 0.936018 812 224 856 270
Car 0.858000 350 246 393 294
Car 0.961189 856 265 901 315
Truck 0.940228 534 313 588 398
Pedestrian 0.965800 787 344 803 379
Car 0.634399 732 367 766 422
Pedestrian 0.851653 571 383 585 431
Car 0.690445 627 376 685 454
