Pedestrian 0.281930 -22 163 1178 597
Truck 0.338318 924 163 1090 285
Pedestrian 0.804052 1301 574 1353 698
Car 0.777229 338 658 437 739
Pedestrian 0.878385 784 159 800 200
Pedestrian 0.863298 805 160 822 198
Pedestrian 0.474712 861 168 878 198
Pedestrian 0.655685 705 193 723 234
Pedestrian 0.724626 729 191 748 237
Pedestrian 0.929357 822 198 842 235
Pedestrian 0.421979 161 201 190 251
Bike 0.309889 134 225 152 255
Bike 0.652611 337 220 398 253
Pedestrian 0.540048 663 222 682 267
Bike 0.305258 199 254 253 298
Bike 0.263556 203 269 239 304
Bike 0.677987 217 263 268 309
Bike 0.340985 552 262 606 306
Bike 0.795679 272 275 323 321
Bike 0.583560 329 281 383 329
Bike 0.693267 663 281 723 327
Bike 0.602312 353 292 402 334
Bike 0.498596 380 294 431 337
Bike 0.630196 401 295 453 341
Bike 0.855949 438 322 489 360
Bike 0.505769 898 321 959 376
Pedestrian 0.284691 1279 323 1310 361
Bike 0.798764 605 346 658 404
Bike 0.549713 666 378 716 427
Pedestrian 0.521637 728 373 777 438
Bike 0.658714 723 391 779 447
chair 0.327281 403 428 455 469
Pedestrian 0.845517 1221 410 1261 492
Pedestrian 0.752086 1265 414 1304 491
Pedestrian 0.848813 1273 585 1317 685
Pedestrian 0.866955 1053 654 1106 740
Car 0.637358 445 696 537 771
