Truck 0.256590 376 329 424 442
Truck 0.512924 372 408 420 477
Car 0.613000 697 433 762 492
Car 0.448464 449 129 458 135
Car 0.296612 415 134 427 140
Car 0.677616 440 192 459 205
Car 0.926172 460 204 479 216
Car 0.935138 441 213 459 227
Truck 0.886579 401 231 430 292
Car 0.957570 476 264 495 281
Truck 0.526617 447 316 476 362
Car 0.756703 324 369 356 407
Truck 0.450627 265 379 303 438
Truck 0.272171 378 406 419 454
Car 0.283294 230 429 271 468
Car 0.295039 377 443 421 478
Car 0.789636 220 470 271 519
Truck 0.741503 520 462 554 521
