Car 0.874200 293 493 413 582
Pedestrian 0.833255 1160 546 1217 671
Pedestrian 0.919174 1038 664 1105 762
Pedestrian 0.766635 685 139 703 177
Pedestrian 0.934945 623 137 641 188
Pedestrian 0.810013 709 143 726 184
Pedestrian 0.929866 735 149 754 189
Pedestrian 0.887040 662 168 682 221
Pedestrian 0.740726 690 176 706 216
Pedestrian 0.275564 712 183 727 214
Bike 0.311148 885 262 917 279
Pedestrian 0.369244 946 281 961 301
Pedestrian 0.411181 947 286 963 315
boat 0.601586 608 297 680 332
Pedestrian 0.838519 926 289 948 344
Pedestrian 0.706316 952 298 968 337
Pedestrian 0.341019 971 302 989 328
Pedestrian 0.261755 994 306 1013 329
Pedestrian 0.919126 856 301 877 357
Pedestrian 0.683255 796 315 818 383
Pedestrian 0.437173 836 324 856 363
Pedestrian 0.305400 1026 331 1045 353
Pedestrian 0.613507 827 321 852 392
Pedestrian 0.958848 958 326 993 385
Pedestrian 0.332048 696 342 753 401
boat 0.837074 388 360 459 414
boat 0.353186 650 363 742 416
boat 0.519301 501 427 583 486
Pedestrian 0.413128 1177 546 1217 617
handbag 0.253138 1174 608 1203 633
Pedestrian 0.634102 1170 585 1212 663
