Pedestrian 0.769093 28 604 1572 950
Bus 0.524622 825 625 960 755
Car 0.254656 956 638 1019 668
Pedestrian 0.327229 1091 625 1114 686
Pedestrian 0.384999 1145 632 1164 681
Pedestrian 0.343711 1026 650 1049 706
Car 0.932401 1282 651 1433 711
Car 0.618085 1526 652 1670 708
Pedestrian 0.267121 520 659 550 722
Pedestrian 0.431797 1099 660 1140 743
Car 0.599734 1713 675 1844 724
Pedestrian 0.274090 663 679 702 760
Pedestrian 0.664420 1178 670 1212 746
Pedestrian 0.580852 1249 687 1286 783
Pedestrian 0.291245 1548 709 1580 764
Pedestrian 0.259515 135 720 183 796
Pedestrian 0.443356 597 738 624 789
Pedestrian 0.331676 259 731 302 825
Pedestrian 0.279426 103 750 137 843
Pedestrian 0.611917 339 742 377 845
Pedestrian 0.514461 560 766 592 844
Pedestrian 0.732888 129 762 188 887
Pedestrian 0.966008 1468 769 1512 871
Pedestrian 0.825517 1518 763 1570 873
Pedestrian 0.626365 188 787 239 896
Pedestrian 0.617958 246 793 299 894
Pedestrian 0.841980 592 770 645 920
Pedestrian 0.940015 657 773 714 938
Pedestrian 0.958406 758 824 810 946
Pedestrian 0.556443 849 801 900 959
Pedestrian 0.923114 374 825 429 1018
Pedestrian 0.904265 170 871 230 1014
Pedestrian 0.698795 221 868 277 1018
Pedestrian 0.643000 1652 989 1723 1076
Pedestrian 0.853797 1712 993 1786 1074
