Car 0.994616 603 414 742 476
Car 0.980550 840 430 981 503
Car 0.917037 1072 409 1216 480
Car 0.983695 242 479 392 555
Car 0.991081 467 483 614 564
Car 0.952265 1 680 116 758
Pedestrian 0.394747 322 3 334 15
Car 0.836429 362 2 393 16
Car 0.726606 268 23 297 42
Car 0.445504 172 40 231 61
Pedestrian 0.620284 300 44 313 65
Car 0.337363 485 113 535 160
Pedestrian 0.297571 239 157 254 186
Car 0.706981 489 157 574 208
Car 0.969346 404 186 479 235
Pedestrian 0.262983 899 249 915 274
Car 0.853338 455 248 518 289
Pedestrian 0.267848 689 262 703 285
Pedestrian 0.625484 392 257 422 313
trafficlight 0.328985 613 273 627 299
Pedestrian 0.468956 715 287 734 315
Pedestrian 0.287979 921 285 942 312
Pedestrian 0.316312 969 294 983 315
Pedestrian 0.819468 998 289 1014 315
Pedestrian 0.611567 1019 286 1034 310
Pedestrian 0.411465 1071 282 1090 311
Car 0.501277 531 283 576 351
Pedestrian 0.379556 911 304 934 331
Pedestrian 0.442567 1179 320 1203 344
Bike 0.804859 842 376 868 405
Pedestrian 0.750999 1013 391 1043 420
Bike 0.646858 1007 402 1044 425
Car 0.630784 1221 389 1353 448
Bike 0.647474 53 517 110 554
Pedestrian 0.387707 1030 608 1054 667
Pedestrian 0.491344 460 731 495 760
