Truck 0.420460 104 248 217 325
Truck 0.351508 632 387 711 465
Car 0.884446 -4 409 69 504
Truck 0.654504 768 411 840 498
Truck 0.550805 663 519 732 622
Car 0.478153 376 592 449 725
Truck 0.253557 682 680 775 762
Car 0.321091 550 3 572 11
Car 0.260416 601 4 624 13
Car 0.370581 478 17 503 35
Car 0.584762 524 15 545 28
Car 0.855244 544 17 570 33
Car 0.271216 153 30 175 42
Car 0.676877 476 25 502 45
Car 0.914814 634 21 661 40
Car 0.323382 479 42 495 59
Pedestrian 0.313447 512 56 522 74
Pedestrian 0.769163 617 71 630 91
Pedestrian 0.549098 503 82 513 98
Car 0.553625 546 98 576 123
Car 0.422744 544 100 581 150
Car 0.834114 545 126 578 155
trafficlight 0.696324 734 122 749 149
Car 0.444534 359 134 442 173
Pedestrian 0.613936 713 171 728 195
Pedestrian 0.450055 750 211 761 237
pottedplant 0.385577 1276 216 1308 234
Pedestrian 0.804106 507 256 527 293
Truck 0.280704 92 271 199 335
Pedestrian 0.608321 1148 301 1168 334
Bike 0.266937 1015 322 1047 344
Bike 0.303697 1077 362 1105 382
Car 0.807527 648 389 699 458
Car 0.444852 182 417 223 481
Pedestrian 0.838000 876 439 893 484
Car 0.698997 729 470 795 549
Car 0.252839 392 587 449 636
Car 0.471405 382 598 440 677
Pedestrian 0.714356 486 682 511 744
