Pedestrian 0.481188 141 80 1226 555
Car 0.626770 638 394 921 513
Car 0.984039 183 459 463 581
Car 0.963762 1138 279 1289 358
Truck 0.660202 965 318 1148 412
Car 0.911754 748 378 933 489
Car 0.996703 392 429 642 545
Car 0.960225 636 411 839 539
Car 0.965284 -2 466 168 611
Car 0.382973 1148 69 1184 93
Car 0.327717 1140 99 1177 125
Car 0.320386 1139 111 1177 135
Car 0.485332 1155 143 1205 191
Bike 0.352574 1097 183 1124 215
Car 0.893617 1183 166 1249 221
Pedestrian 0.579668 601 212 627 270
Pedestrian 0.279029 619 213 645 267
Pedestrian 0.343022 866 224 887 259
Car 0.913723 1194 225 1270 284
Bike 0.308598 798 266 841 311
Bike 0.290581 807 285 836 311
Bike 0.469016 987 289 1010 315
Bike 0.462606 614 290 663 343
Pedestrian 0.620655 715 297 734 343
Pedestrian 0.580243 732 288 757 346
Pedestrian 0.543525 780 313 800 348
Pedestrian 0.291335 210 314 240 378
Pedestrian 0.554581 890 334 907 363
Pedestrian 0.596572 183 330 213 393
Pedestrian 0.951456 248 328 278 399
Pedestrian 0.604846 836 345 857 382
Pedestrian 0.338575 945 330 979 381
Pedestrian 0.684704 132 331 168 409
Pedestrian 0.359311 788 355 812 385
Pedestrian 0.579747 810 354 833 386
Pedestrian 0.788223 1225 398 1273 468
