Bus 0.456956 708 420 767 512
Car 0.904665 560 539 633 654
Car 0.391356 680 667 776 759
Car 0.479935 1076 659 1187 764
Car 0.648689 488 2 528 18
Car 0.866088 578 2 616 20
Car 0.770157 627 1 665 16
Car 0.356447 726 2 760 20
Car 0.903633 647 6 703 36
Car 0.921034 730 8 762 30
Car 0.352365 1066 39 1095 67
Car 0.809697 731 51 775 89
Car 0.437880 1026 74 1085 118
Car 0.904424 679 97 713 156
Car 0.985448 172 133 234 179
Pedestrian 0.539483 932 141 955 170
Car 0.293688 2 150 14 182
Car 0.891879 733 145 771 199
Pedestrian 0.553403 791 169 810 206
Car 0.969861 53 250 167 312
Pedestrian 0.652530 422 272 442 305
Car 0.911166 641 250 694 316
Bike 0.621348 420 285 441 313
Car 0.744453 720 283 770 358
Car 0.391327 3 317 92 377
Truck 0.756648 611 364 666 447
Car 0.402943 265 545 297 596
Car 0.591127 531 747 632 765
