Car 0.449307 331 83 818 451
Car 0.587687 46 615 132 725
Car 0.601853 154 610 241 719
Car 0.402079 258 605 336 724
Bus 0.679872 351 607 432 712
Bus 0.629664 441 591 506 717
Bus 0.609452 524 599 604 711
Car 0.339416 578 117 608 134
Car 0.886643 457 145 504 164
Car 0.260225 523 149 549 165
Car 0.392041 430 178 473 196
Car 0.591683 529 174 559 192
Car 0.608331 619 172 652 192
Car 0.370163 477 191 529 210
Car 0.648676 433 201 484 222
Car 0.537131 485 200 536 224
Car 0.362408 645 201 674 221
Car 0.494641 658 217 691 239
Car 0.318644 431 224 473 254
Car 0.941614 482 226 538 247
Car 0.485380 663 229 702 252
Car 0.436857 513 246 576 272
Car 0.945789 594 257 628 288
Car 0.304049 689 262 733 287
Car 0.252590 700 273 736 295
Car 0.304669 369 288 432 319
Car 0.341930 463 288 521 310
Car 0.565745 569 288 598 312
Car 0.725095 457 297 523 332
Car 0.864543 680 302 715 331
Car 0.715703 721 300 758 327
Car 0.328284 393 317 455 340
Car 0.551013 493 314 580 348
Car 0.926041 573 314 606 346
Car 0.542300 634 318 655 350
Car 0.394755 734 319 770 345
Car 0.957240 351 344 440 375
Car 0.602654 492 341 572 372
Car 0.864875 690 342 739 384
Car 0.663512 753 339 804 381
Car 0.754495 1218 353 1317 394
Car 0.854340 349 376 440 412
Car 0.625907 494 367 577 402
Car 0.561669 591 369 639 416
Car 0.952909 723 387 775 427
Car 0.968625 788 385 840 425
Car 0.416684 489 400 588 433
Car 0.893065 278 402 372 463
Car 0.416418 390 415 427 446
Car 0.659546 219 424 308 479
Car 0.841809 485 428 591 462
Car 0.883881 607 426 656 479
Car 0.985780 815 429 877 473
Car 0.669098 464 453 561 480
Car 0.952028 144 450 240 503
Car 0.963785 77 467 175 526
Car 0.958979 457 476 575 530
Car 0.976153 847 482 935 537
Car 0.857563 12 491 106 554
Pedestrian 0.451764 412 516 438 554
Car 0.951697 428 508 528 557
Car 0.857623 627 508 697 583
Pedestrian 0.439923 353 544 372 588
Car 0.339706 539 592 591 690
