Truck 0.447313 107 155 431 379
Car 0.362388 104 629 423 755
Truck 0.269560 131 103 362 216
Car 0.981451 965 313 1084 415
Car 0.919751 1105 310 1186 406
Car 0.887840 518 342 595 433
Car 0.850228 578 338 668 446
Car 0.975649 632 441 812 527
Car 0.980850 821 430 913 545
Car 0.991439 901 451 998 563
Car 0.994317 1008 449 1106 579
Car 0.963045 1095 455 1181 584
Car 0.432846 -7 522 59 618
Car 0.879110 185 663 395 759
Car 0.348430 1333 18 1355 51
Car 0.952223 972 103 1080 155
Pedestrian 0.770305 23 156 50 210
Car 0.770257 987 155 1074 218
Car 0.543059 -3 528 43 606
