Car 0.942529 91 408 197 510
Car 0.985599 -11 525 123 632
Car 0.985751 118 517 211 616
Car 0.961269 625 2 653 19
Car 0.926591 705 1 732 14
Car 0.889598 467 11 494 32
Car 0.574766 956 10 992 29
Car 0.973608 451 42 481 64
Car 0.992000 731 82 761 111
Car 0.975961 600 94 638 128
Pedestrian 0.385276 787 93 798 118
Car 0.838808 678 105 711 137
Car 0.466258 756 112 773 142
Pedestrian 0.790258 398 156 409 182
Pedestrian 0.296258 140 175 157 199
Pedestrian 0.256169 166 174 180 198
Car 0.872637 308 166 365 205
Pedestrian 0.824422 771 172 786 205
Pedestrian 0.524524 164 184 180 211
Car 0.695599 686 179 716 218
Pedestrian 0.470537 116 195 134 231
Pedestrian 0.334485 1009 214 1023 242
Car 0.793505 249 230 279 251
Car 0.699613 477 231 491 251
Car 0.984946 225 259 316 322
Bike 0.750950 841 314 861 344
