Pedestrian 0.589703 135 603 1463 943
Bus 0.416604 1130 679 1263 843
Pedestrian 0.747748 505 846 583 999
Pedestrian 0.782090 108 929 207 1076
Pedestrian 0.757633 251 936 350 1076
Car 0.253547 1099 601 1144 628
Pedestrian 0.325038 1039 613 1057 658
Pedestrian 0.422333 867 633 886 673
Pedestrian 0.444607 959 630 981 675
Pedestrian 0.389953 1004 631 1024 670
Pedestrian 0.330833 1035 629 1054 674
Pedestrian 0.254050 1236 633 1255 675
Pedestrian 0.266825 1260 632 1278 674
Pedestrian 0.329636 779 665 813 739
Pedestrian 0.436453 995 672 1023 714
Pedestrian 0.276098 1288 673 1314 717
Pedestrian 0.261922 758 684 785 744
Pedestrian 0.669289 316 688 351 777
Pedestrian 0.610084 940 689 970 782
Pedestrian 0.431084 1442 697 1478 776
Pedestrian 0.362088 182 717 221 807
Pedestrian 0.632873 981 707 1022 794
Pedestrian 0.336050 1178 722 1218 829
Pedestrian 0.696593 23 733 76 870
Pedestrian 0.740062 674 746 713 861
Pedestrian 0.867972 879 747 927 857
Pedestrian 0.303098 641 768 675 861
Pedestrian 0.879878 184 785 237 904
Pedestrian 0.526033 242 770 289 905
Pedestrian 0.691154 285 772 330 902
Pedestrian 0.837473 1071 780 1117 894
Pedestrian 0.784124 1094 781 1134 890
Pedestrian 0.916927 125 798 188 935
Pedestrian 0.900504 438 797 486 911
Pedestrian 0.277742 573 797 625 931
Pedestrian 0.830730 1843 821 1897 950
Pedestrian 0.782631 1655 857 1712 954
Pedestrian 0.468152 1766 855 1832 953
Pedestrian 0.532163 548 835 600 1007
Pedestrian 0.881148 1444 849 1499 989
Pedestrian 0.870974 765 845 811 1039
Pedestrian 0.566561 863 874 914 1009
Pedestrian 0.915127 1545 853 1600 1029
Pedestrian 0.735037 804 891 860 1035
Pedestrian 0.959362 1630 931 1700 1076
Pedestrian 0.638650 1881 919 1917 1092
