Truck 0.544200 682 541 927 686
Car 0.993262 1045 450 1213 516
Car 0.295515 686 541 848 669
Car 0.296250 678 87 708 102
Car 0.302220 658 112 689 130
Car 0.265376 674 114 704 130
Car 0.272412 729 131 760 152
Pedestrian 0.376706 628 156 641 173
Pedestrian 0.582790 366 200 379 231
Car 0.361119 650 202 681 223
Car 0.383640 884 205 913 225
Car 0.601948 593 213 629 235
Car 0.390710 641 214 678 237
Car 0.434591 889 215 918 239
Car 0.474726 415 233 458 253
Car 0.665615 629 232 666 254
Car 0.701728 905 231 939 258
Car 0.298851 302 239 349 278
Car 0.745542 573 240 607 266
Car 0.488439 629 243 667 267
Car 0.272792 857 244 881 271
Car 0.418509 621 261 662 284
Car 0.752191 864 256 897 285
Car 0.885545 367 263 430 304
Car 0.503446 626 273 662 295
Pedestrian 0.371493 800 272 811 295
Car 0.810941 935 272 984 307
Pedestrian 0.463069 313 283 325 311
Pedestrian 0.521902 1050 289 1070 311
Pedestrian 0.262782 1242 288 1260 318
Pedestrian 0.269905 1249 286 1270 322
Pedestrian 0.321339 196 303 209 325
Pedestrian 0.425564 246 303 260 327
Pedestrian 0.455881 270 301 285 329
Pedestrian 0.684748 285 302 301 332
Car 0.969198 320 295 393 344
Car 0.933880 611 292 655 331
Car 0.927315 964 292 1040 333
Pedestrian 0.491174 1309 305 1325 332
Pedestrian 0.404721 185 323 206 346
Pedestrian 0.799686 1205 322 1222 348
Bike 0.469093 191 330 211 349
Car 0.275430 603 331 634 356
Car 0.975552 1015 320 1106 360
Bike 0.360388 1201 331 1220 353
Pedestrian 0.611906 1232 335 1252 359
Pedestrian 0.310999 85 353 99 373
Pedestrian 0.492812 137 350 154 374
Car 0.930754 209 340 293 384
Car 0.860773 599 335 643 383
Pedestrian 0.921177 948 343 965 372
Car 0.988277 1055 341 1163 382
Pedestrian 0.291582 28 361 50 387
Pedestrian 0.266511 57 363 73 384
Pedestrian 0.250901 82 362 97 384
Pedestrian 0.366347 110 362 126 386
Pedestrian 0.925155 924 359 940 391
Bike 0.426231 1124 379 1153 401
Car 0.461842 40 390 92 427
Car 0.966406 127 375 264 437
Pedestrian 0.899882 948 385 969 421
Car 0.611480 1167 377 1265 431
Car 0.831078 1299 374 1361 433
Car 0.971242 473 383 535 450
Car 0.954155 570 386 635 449
Car 0.959332 -1 399 58 465
Car 0.977443 715 400 791 459
Pedestrian 0.778954 400 439 426 492
