Pedestrian 0.464876 281 538 1309 889
Pedestrian 0.395139 1785 727 1868 905
Pedestrian 0.922091 0 906 73 1066
Pedestrian 0.563954 365 898 448 1046
Pedestrian 0.614462 1371 905 1487 1062
Pedestrian 0.682240 1470 901 1570 1058
Pedestrian 0.284617 1018 613 1032 645
Pedestrian 0.279397 1089 618 1105 654
Pedestrian 0.339917 669 630 688 678
Pedestrian 0.345591 846 630 864 671
Pedestrian 0.537998 1120 629 1143 685
Pedestrian 0.398119 1144 624 1168 691
Pedestrian 0.311688 703 713 732 763
Pedestrian 0.447719 735 694 772 777
Pedestrian 0.640405 285 706 319 805
Pedestrian 0.731855 223 730 263 826
Pedestrian 0.492935 1399 712 1447 836
Pedestrian 0.454768 328 743 365 848
Pedestrian 0.980701 457 734 509 854
Pedestrian 0.361090 603 771 662 831
Pedestrian 0.671847 722 758 772 843
Pedestrian 0.944584 68 759 123 895
Pedestrian 0.998345 1012 754 1074 890
Pedestrian 0.993776 1072 756 1134 888
Pedestrian 0.967211 1144 763 1198 881
Pedestrian 0.924851 144 773 196 902
Pedestrian 0.925275 631 806 684 992
Pedestrian 0.650042 428 878 473 1014
Pedestrian 0.309909 405 883 456 1043
umbrella 0.775736 1481 910 1572 1014
Pedestrian 0.580819 359 929 418 1042
umbrella 0.975255 1374 953 1500 1021
Pedestrian 0.967852 1012 976 1090 1074
Pedestrian 0.987603 1088 965 1161 1079
Pedestrian 0.282227 1462 990 1537 1076
Pedestrian 0.681624 1365 1012 1455 1079
Pedestrian 0.306271 1425 1012 1505 1077
