Bus 0.514827 466 468 787 710
Truck 0.273333 438 171 551 291
Truck 0.351861 483 300 681 458
train 0.398765 240 346 316 469
Car 0.766389 959 755 1062 887
Car 0.370796 399 37 435 55
Car 0.294897 518 57 543 80
Car 0.916409 422 90 473 115
Car 0.261053 344 119 372 150
Pedestrian 0.340250 579 203 590 225
Pedestrian 0.560850 609 204 619 227
Pedestrian 0.272296 662 193 671 219
Pedestrian 0.305762 717 371 729 400
Car 0.519376 480 428 570 477
Car 0.397257 414 556 470 644
Car 0.393928 993 746 1020 774
Car 0.273839 1167 849 1229 901
Pedestrian 0.364372 1099 888 1120 918
Pedestrian 0.495605 1136 924 1159 957
