Car 0.455663 686 12 701 25
Pedestrian 0.302393 594 122 605 138
Pedestrian 0.503238 626 123 639 140
Pedestrian 0.450048 599 137 610 155
Pedestrian 0.602581 655 137 666 156
Pedestrian 0.405169 628 152 641 169
Pedestrian 0.255416 653 146 663 161
Pedestrian 0.798592 624 160 638 185
Car 0.258677 508 179 524 195
Pedestrian 0.309276 582 182 592 197
Pedestrian 0.629536 593 181 608 201
Pedestrian 0.297775 542 263 554 279
Pedestrian 0.251953 704 267 718 294
Pedestrian 0.339528 724 263 741 296
Car 0.294758 351 301 378 315
Pedestrian 0.420667 8 344 24 364
Pedestrian 0.448959 36 342 57 367
Pedestrian 0.375765 49 344 72 367
bench 0.256743 890 362 912 383
Pedestrian 0.602220 674 393 688 418
pottedplant 0.288078 902 389 951 435
pottedplant 0.546292 1001 421 1056 482
Pedestrian 0.300243 848 528 863 549
Pedestrian 0.554024 966 614 979 637
