Car 0.318341 970 244 983 260
Car 0.316062 919 341 935 357
Car 0.390418 286 488 334 512
Car 0.259990 843 499 865 525
Car 0.415355 836 525 862 552
Pedestrian 0.601641 267 552 283 570
Car 0.334907 859 545 883 569
Car 0.551950 80 566 127 591
Pedestrian 0.311926 575 562 585 587
Pedestrian 0.294525 699 571 715 592
Car 0.544701 773 563 812 597
Car 0.331105 817 564 840 593
Car 0.351611 855 559 882 589
Car 0.762620 811 580 839 606
Car 0.568364 852 579 881 616
Car 0.421297 94 608 136 637
Car 0.582119 153 613 211 648
Car 0.843709 135 640 194 674
Truck 0.707088 200 621 278 679
Car 0.343670 50 680 81 717
Car 0.943656 195 676 257 712
Car 0.483478 293 682 341 713
Car 0.611665 373 686 448 735
Car 0.865699 272 716 342 765
Car 0.539805 336 708 405 754
Car 0.548960 909 751 933 771
Pedestrian 0.351615 186 759 209 795
Car 0.882467 355 768 418 813
Car 0.613352 1078 827 1118 851
Pedestrian 0.314077 1294 827 1316 851
Pedestrian 0.635499 418 864 436 890
Car 0.483099 1138 859 1164 891
Car 0.389899 1207 861 1241 893
Pedestrian 0.443871 456 911 470 933
Car 0.840805 871 878 925 962
Pedestrian 0.297982 1323 904 1352 935
