Car 0.263002 1061 80 1076 94
Car 0.262760 1074 89 1091 104
Car 0.488090 1041 155 1063 169
Car 0.380619 1037 162 1056 176
Car 0.364249 974 181 989 196
Car 0.839832 971 197 990 212
Car 0.316654 35 223 59 241
Car 0.429274 6 245 24 260
Car 0.267505 25 245 43 256
Car 0.643288 2 253 22 273
Car 0.282982 1125 258 1150 277
Car 0.343551 3 270 17 288
Car 0.300210 81 276 103 293
Car 0.291765 949 276 968 290
Car 0.594696 76 282 99 300
Car 0.324256 945 283 967 298
Car 0.294630 971 284 992 299
Car 0.250368 95 334 109 345
Car 0.454055 8 347 29 366
Car 0.322726 4 358 24 377
Car 0.735090 890 384 907 396
Car 0.617993 886 390 903 402
Car 0.827944 840 409 862 426
Car 0.668629 832 421 850 434
Car 0.275798 854 483 881 507
