Car 0.406681 749 223 778 238
Car 0.468738 778 226 811 248
Car 0.386578 784 237 809 251
Car 0.762732 1059 276 1075 287
Car 0.264652 1005 285 1031 302
Car 0.484806 1009 286 1042 310
Car 0.362139 1062 285 1077 295
Car 0.451635 1079 288 1098 298
Car 0.302272 491 303 520 322
Car 0.490831 1025 300 1049 318
Car 0.702509 505 313 531 331
Car 0.478476 950 317 970 330
Car 0.318062 962 315 996 332
Car 0.435816 996 334 1021 345
Car 0.369925 461 358 485 374
Car 0.278938 651 391 671 402
Car 0.338715 675 458 691 468
Car 0.849955 1000 455 1027 470
Car 0.275644 868 511 888 532
Pedestrian 0.304304 4 597 20 629
Pedestrian 0.325186 23 600 45 628
Car 0.517870 804 597 833 627
