Truck 0.660871 233 622 315 740
Truck 0.406200 532 788 612 944
Car 0.608421 36 939 227 1050
Car 0.485288 592 277 632 293
Car 0.695794 417 300 462 321
Car 0.266455 597 317 631 339
Car 0.521113 616 327 653 347
Car 0.345413 619 334 660 357
Car 0.858609 637 339 680 365
Car 0.568076 269 359 309 385
Car 0.378241 336 366 392 390
Car 0.702793 406 358 464 383
Car 0.966306 739 359 797 383
Car 0.812556 805 356 850 378
Car 0.847563 682 395 762 422
Car 0.306727 325 425 367 451
Car 0.563565 733 421 779 452
Car 0.796464 431 445 490 485
Bike 0.467728 782 461 807 486
Car 0.672018 583 512 622 555
Car 0.698068 743 532 786 572
Car 0.524777 749 541 799 602
Truck 0.445109 713 582 767 658
Car 0.586354 774 595 814 628
Pedestrian 0.465219 687 617 706 655
Pedestrian 0.255691 696 621 714 657
Car 0.403260 425 648 470 706
Pedestrian 0.521705 682 658 704 695
Car 0.886443 796 640 855 705
Bike 0.285336 683 674 709 705
Car 0.927619 425 676 478 761
Car 0.387147 818 711 884 765
Car 0.481801 842 733 907 810
Pedestrian 0.275001 723 767 760 835
Bike 0.363673 1037 971 1103 1014
Car 0.934271 373 985 470 1050
Car 0.436065 784 1002 872 1050
Pedestrian 0.667103 703 1025 738 1049
Car 0.368444 807 1028 874 1050
