Car 0.649482 355 476 1036 767
Truck 0.388118 1112 538 1265 621
Car 0.800429 686 331 730 350
Car 0.592929 649 362 681 375
Car 0.660775 485 392 520 407
Car 0.409300 503 392 541 408
Car 0.631683 332 429 395 453
Car 0.511693 730 445 756 457
Car 0.611297 781 439 818 455
Car 0.642656 798 440 830 456
Car 0.616076 723 448 752 465
Car 0.390639 825 473 855 489
Car 0.299028 623 486 654 500
Car 0.858358 635 482 676 500
Car 0.416196 1014 480 1054 503
Car 0.456926 551 499 596 524
Car 0.413580 588 499 620 520
Car 0.857870 433 558 496 608
Car 0.381139 877 607 936 646
Car 0.742962 89 672 156 710
Car 0.261976 794 664 858 713
