Car 0.276256 839 628 863 646
Car 0.828224 1076 625 1108 642
Car 0.665656 815 642 843 663
Car 0.733210 834 641 866 665
Car 0.867083 1112 651 1140 670
Car 0.977282 1158 678 1202 698
Car 0.957634 828 699 860 727
Car 0.955162 1191 710 1242 735
Car 0.529051 637 724 674 751
Car 0.507420 764 719 804 756
Car 0.591423 611 742 670 768
Car 0.902890 1190 735 1242 770
Car 0.739722 578 759 644 800
Car 0.921102 828 752 865 792
Pedestrian 0.571166 132 774 150 808
Car 0.811942 189 772 245 812
Car 0.647370 548 785 618 811
Car 0.948662 533 795 615 841
Car 0.966951 474 832 570 876
Car 0.941394 738 838 791 905
Car 0.989930 410 863 549 920
Truck 0.266270 1355 863 1397 935
Car 0.985021 316 940 475 1009
Car 0.891345 421 1000 523 1051
