Bus 0.652709 727 1 919 73
Car 0.861180 838 483 946 574
Car 0.425545 752 629 836 754
Car 0.500065 1180 768 1331 890
Car 0.385094 936 886 1089 1021
Car 0.271992 -1 9 16 41
Car 0.708316 43 45 129 106
Car 0.505265 866 43 933 93
Car 0.601362 911 60 982 108
Car 0.305199 181 76 259 131
Car 0.492107 46 104 121 156
Car 0.344115 162 118 240 170
Car 0.332634 178 204 263 269
Pedestrian 0.464342 1004 231 1024 266
Pedestrian 0.272406 853 262 879 291
Car 0.571013 823 314 859 341
Car 0.384584 683 336 774 401
Bike 0.300556 905 371 935 401
Car 0.414451 1119 555 1171 586
Car 0.927049 1014 634 1107 720
