Truck 0.389613 1310 508 1391 556
Truck 0.253967 1438 509 1568 561
Car 0.418279 7 536 51 570
Car 0.750677 71 536 135 573
Car 0.987741 149 556 258 608
Car 0.983023 279 554 388 608
Car 0.926655 401 565 513 613
Car 0.955270 617 569 740 617
Car 0.784115 899 582 1009 630
Car 0.699754 1015 587 1138 644
Car 0.352098 -2 584 36 682
Car 0.922400 680 603 803 662
Car 0.435343 1145 608 1256 656
Car 0.851422 1334 606 1449 655
Car 0.893938 1460 608 1590 659
Car 0.874400 1599 614 1723 663
Car 0.600390 1770 621 1902 676
Car 0.931249 290 665 414 725
Car 0.928838 997 684 1130 742
Truck 0.702244 1713 727 1860 788
