Car 0.256152 6 363 554 849
Car 0.267606 -68 430 1281 948
Car 0.424596 471 385 485 398
Car 0.485434 468 410 481 424
Car 0.322927 465 419 478 436
Car 0.277360 436 464 455 480
Car 0.611124 184 503 221 522
Car 0.371856 220 509 253 526
Car 0.704615 233 506 263 524
Truck 0.325330 465 503 484 526
Car 0.261482 168 529 199 547
Car 0.563543 178 526 213 546
Car 0.713809 214 531 248 547
Truck 0.257077 434 528 456 550
Truck 0.279628 523 518 542 537
Car 0.473678 81 543 110 563
Car 0.935440 154 549 192 572
Car 0.867197 203 537 242 556
Car 0.300404 465 547 483 568
Car 0.619220 240 559 287 589
Car 0.590568 405 586 428 607
Car 0.405295 434 606 456 627
Truck 0.268951 147 605 196 659
Car 0.560693 344 619 367 647
Car 0.367904 375 617 399 639
Car 0.281278 422 645 446 671
Car 0.436448 576 645 611 675
Pedestrian 0.276151 1172 651 1184 668
Car 0.833821 1252 650 1295 672
Pedestrian 0.272689 1194 670 1212 690
Car 0.657350 352 686 377 714
Car 0.730039 380 677 408 705
Car 0.552609 1085 700 1134 727
Car 0.908266 433 718 460 749
Car 0.492216 466 715 495 748
Pedestrian 0.436909 544 734 557 753
Pedestrian 0.413287 304 759 315 786
Car 0.487020 346 758 376 795
Pedestrian 0.255449 609 758 623 781
Truck 0.505916 845 745 963 801
Car 0.333021 370 774 392 815
Car 0.350157 332 810 358 833
Car 0.338074 846 799 898 831
Pedestrian 0.535103 216 825 231 863
Car 0.689246 849 812 911 858
Pedestrian 0.653967 51 846 69 872
Pedestrian 0.519885 310 841 326 880
Pedestrian 0.460631 463 842 479 868
Pedestrian 0.395444 178 858 191 886
Pedestrian 0.709011 275 862 288 895
Pedestrian 0.756823 724 889 745 916
Pedestrian 0.689922 185 908 197 939
Pedestrian 0.453131 229 907 242 940
Pedestrian 0.574100 356 919 370 951
Pedestrian 0.571325 293 939 310 975
Bike 0.276830 751 939 774 965
