Car 0.343313 861 281 892 297
Car 0.431932 891 286 925 305
Car 0.464144 831 306 868 328
Car 0.660448 854 308 893 328
Car 0.770379 823 314 857 335
Car 0.358112 891 343 932 369
Car 0.255335 1148 406 1169 425
Car 0.470975 21 430 63 451
Car 0.250678 46 423 80 442
Car 0.279028 1050 424 1076 443
Car 0.321875 60 446 93 472
Car 0.673036 434 446 468 475
Car 0.434660 996 440 1028 462
Car 0.430881 1021 446 1044 465
Car 0.590380 6 464 33 487
Car 0.541191 51 458 88 480
Car 0.393241 96 461 135 486
Car 0.700916 1050 462 1080 485
Car 0.323080 1110 470 1140 492
Car 0.547637 4 480 29 501
Car 0.657157 67 477 103 503
Car 0.307460 175 481 223 507
Truck 0.645852 223 462 286 509
Car 0.329128 9 506 28 528
Car 0.738885 1081 496 1111 522
Car 0.569235 259 523 300 551
Car 0.373653 309 518 350 554
Pedestrian 0.263480 924 517 941 544
Car 0.688253 1099 526 1136 556
Car 0.319865 293 539 339 571
Car 0.800124 364 541 412 578
Car 0.434784 268 556 303 580
Car 0.338406 349 561 394 593
Car 0.835328 427 564 468 594
Car 0.747385 481 554 521 585
Car 0.282996 353 580 390 610
Car 0.637971 479 578 527 615
Car 0.834437 892 583 950 618
Car 0.347603 1138 578 1165 604
Car 0.796083 368 594 399 626
Car 0.812017 423 599 479 641
Car 0.642995 531 603 591 638
Car 0.823927 498 612 547 648
Car 0.332087 1286 611 1374 657
Car 0.685723 478 637 518 668
Car 0.262246 1375 640 1397 672
Car 0.519925 452 656 499 689
Car 0.668972 450 679 481 709
Car 0.468859 703 683 728 712
Car 0.465177 1367 697 1395 733
Pedestrian 0.416319 526 721 544 748
Car 0.499266 623 721 656 749
Car 0.293898 718 726 745 752
