Car 0.522627 757 20 793 44
Car 0.363005 754 33 791 60
Car 0.776577 753 62 788 83
Car 0.614115 750 75 791 101
Car 0.334441 936 80 958 105
Car 0.546684 755 91 795 119
Car 0.853982 743 124 789 149
Car 0.604326 695 142 739 171
Car 0.408728 238 159 273 180
Truck 0.556365 958 165 1006 259
Car 0.830629 463 220 497 241
Car 0.299919 901 257 922 280
Car 0.383557 940 261 966 288
Car 0.437329 941 273 969 301
Car 0.323029 974 278 1007 314
Car 0.261714 233 286 290 322
Car 0.381203 895 316 928 356
Car 0.481048 939 318 967 351
Pedestrian 0.538839 669 341 678 373
Pedestrian 0.357187 842 344 855 365
Car 0.455068 941 336 968 358
Car 0.558330 994 339 1023 370
Pedestrian 0.250788 713 387 730 407
Car 0.693098 0 396 15 427
Car 0.821572 39 419 111 452
Pedestrian 0.335864 616 415 630 437
Car 0.534965 203 457 266 490
Car 0.750574 136 484 206 521
Car 0.758156 295 486 371 528
Car 0.925791 437 521 519 562
Car 0.841041 153 531 234 572
Truck 0.312468 651 558 728 599
Car 0.744955 481 582 560 624
Car 0.366306 159 628 188 653
Car 0.640894 1232 671 1279 694
Car 0.509835 1271 730 1388 781
Car 0.417538 1106 765 1195 839
