Truck 0.426488 1138 194 1196 334
Car 0.441257 896 27 926 52
Car 0.266267 971 23 1004 40
Car 0.779410 948 52 979 81
Car 0.326415 1039 56 1072 86
Car 0.418992 1070 58 1095 82
Car 0.729894 804 72 826 98
Car 0.463917 1066 98 1098 131
Car 0.719678 903 130 932 158
Car 0.485184 1079 142 1106 180
Car 0.923168 799 185 829 214
Car 0.626647 897 201 926 240
Car 0.367989 986 204 1020 241
Car 0.567780 1092 211 1120 254
Car 0.627185 1047 239 1078 292
Car 0.624752 1089 274 1123 320
Car 0.806067 897 287 927 341
Car 0.774098 758 304 793 352
Car 0.549285 938 333 975 386
Car 0.332147 731 413 765 441
Truck 0.574453 1009 441 1045 519
Car 0.459153 189 537 227 566
Car 0.311251 190 555 227 574
Car 0.700487 575 580 651 645
Car 0.932857 309 605 401 648
