Car 0.645145 808 386 824 401
Pedestrian 0.539527 735 423 747 442
Car 0.612193 663 534 693 559
Car 0.610954 769 538 800 564
Pedestrian 0.448231 1028 567 1043 586
Car 0.932818 659 573 695 608
Car 0.587406 727 580 758 613
Car 0.475115 853 584 890 604
Pedestrian 0.545738 866 624 880 656
Car 0.900393 659 625 694 671
Pedestrian 0.295520 831 641 846 671
Pedestrian 0.373634 865 637 880 670
Car 0.653253 743 647 776 686
Car 0.414408 564 694 613 754
Car 0.756160 728 726 765 777
Car 0.843687 591 747 635 820
Pedestrian 0.825502 955 980 972 1019
