Car 0.409172 8 477 1901 928
Bus 0.260218 1079 267 1232 450
Car 0.581889 1640 535 1756 588
Car 0.287539 248 573 298 601
Car 0.402161 1424 567 1545 614
Truck 0.675787 441 575 570 643
Car 0.317862 275 605 397 659
Car 0.976611 908 629 1025 688
Car 0.876087 1035 621 1164 676
Car 0.968243 1365 620 1494 667
Car 0.955298 781 648 897 705
Car 0.955528 588 671 717 728
Car 0.958128 1159 659 1298 714
Car 0.945860 447 692 577 749
Car 0.610649 698 729 750 758
Car 0.934178 296 724 421 773
Car 0.284955 1661 733 1739 793
Car 0.876340 74 756 192 813
Truck 0.533126 1602 739 1737 796
Car 0.732273 0 762 58 820
Truck 0.686991 721 787 844 848
Truck 0.460703 1387 892 1509 952
Truck 0.306475 334 1048 501 1077
