Pedestrian 0.251876 1696 469 1723 514
Car 0.536419 1328 515 1363 540
Truck 0.410963 1114 542 1202 597
Car 0.323533 1220 552 1271 592
Car 0.623993 1073 611 1126 644
Car 0.735960 1300 612 1341 646
Car 0.491892 1024 632 1069 660
Car 0.760210 1131 634 1176 667
Truck 0.781224 806 676 881 726
Car 0.644932 807 690 862 727
Car 0.403959 1003 696 1023 715
Truck 0.287216 1001 724 1072 799
Car 0.963813 732 796 796 839
Car 0.850117 670 825 710 860
Car 0.912060 211 863 309 913
Car 0.490954 525 856 612 911
Car 0.709334 859 891 946 964
Car 0.266759 993 1046 1118 1078
