Car 0.363316 444 0 668 65
Car 0.498407 783 75 861 210
Car 0.783645 561 161 649 276
Car 0.297724 717 247 798 368
Car 0.379511 622 277 702 400
Car 0.938620 610 429 698 548
Car 0.785475 836 478 912 615
Bus 0.908617 484 648 573 816
Car 0.389711 169 832 340 1042
Car 0.360757 553 952 654 1049
Car 0.307633 665 5 707 21
Car 0.293420 797 18 843 52
Car 0.975221 543 81 663 135
Car 0.546392 792 83 851 177
Bike 0.702350 488 132 546 178
Car 0.810074 804 158 855 251
Car 0.775086 635 175 696 277
Pedestrian 0.650499 828 267 845 314
Car 0.378291 737 252 781 370
Car 0.706198 635 284 689 388
Car 0.270763 287 376 379 461
Pedestrian 0.303546 893 386 917 439
