Bus 0.254795 1051 372 1397 665
Car 0.515564 153 730 321 845
Pedestrian 0.458323 1296 216 1317 246
Pedestrian 0.446888 1324 219 1345 251
Car 0.786570 1083 222 1173 281
Pedestrian 0.367372 1260 261 1281 292
Car 0.261407 861 326 981 367
Car 0.594380 732 415 785 449
Pedestrian 0.810186 871 414 892 442
Pedestrian 0.386742 497 496 515 528
Pedestrian 0.521706 695 523 710 553
Pedestrian 0.312135 380 551 406 590
Pedestrian 0.489172 300 600 320 634
Pedestrian 0.332742 321 597 338 626
Car 0.683152 299 627 385 679
Pedestrian 0.333811 153 662 193 733
Pedestrian 0.320612 61 700 90 737
Pedestrian 0.353739 137 699 166 739
Pedestrian 0.254593 102 749 127 779
Bike 0.376875 89 780 145 812
