Truck 0.283341 456 941 605 1048
Car 0.806335 272 226 296 243
Car 0.860926 282 256 319 281
Car 0.489636 299 281 335 305
Car 0.617988 307 302 346 324
Car 0.773081 312 320 370 347
Car 0.445568 328 339 385 368
Car 0.852919 328 354 397 380
Car 0.821120 297 384 357 418
Car 0.530862 642 373 683 410
Car 0.612786 390 403 429 427
Car 0.523419 624 397 655 426
Car 0.287781 659 419 700 454
Car 0.712669 693 412 735 447
Car 0.449252 1011 406 1072 453
Pedestrian 0.297846 613 446 631 474
Car 0.253473 665 434 706 464
Car 0.304553 714 438 780 482
Car 0.721404 737 452 785 488
Pedestrian 0.432219 1273 471 1290 489
Pedestrian 0.657111 1320 467 1339 488
Pedestrian 0.359298 589 484 608 505
Car 0.652474 706 478 757 516
Pedestrian 0.636679 1190 484 1207 507
Pedestrian 0.370274 1216 487 1233 506
Pedestrian 0.619208 1246 483 1262 505
Pedestrian 0.495700 509 521 523 562
Car 0.267949 591 518 617 547
Pedestrian 0.320012 625 519 638 547
Pedestrian 0.296157 668 523 685 547
Car 0.822576 1322 522 1390 552
Car 0.372761 559 547 589 574
Pedestrian 0.251410 1163 536 1186 562
Pedestrian 0.617211 701 580 720 609
Car 0.541729 4 593 38 625
Pedestrian 0.840235 1160 606 1180 634
Pedestrian 0.735352 1132 617 1154 644
Pedestrian 0.649315 1186 647 1208 676
Pedestrian 0.741973 1113 668 1130 698
Bike 0.289245 1187 655 1207 681
Bike 0.598119 1111 675 1128 702
Car 0.585482 1249 657 1315 722
Car 0.822727 712 857 823 946
