Car 0.265203 641 296 743 357
Car 0.766058 943 362 963 378
Car 0.686131 965 362 984 380
Pedestrian 0.271209 613 420 642 453
Pedestrian 0.390419 465 543 476 565
Pedestrian 0.250651 489 550 500 571
Pedestrian 0.311557 489 638 501 670
Pedestrian 0.585085 543 664 556 689
Pedestrian 0.253705 572 658 585 684
Pedestrian 0.801966 526 676 542 709
Car 0.949772 411 699 499 775
Pedestrian 0.488076 270 763 291 796
Pedestrian 0.315181 272 778 289 807
Pedestrian 0.776088 305 786 324 814
Pedestrian 0.508091 140 863 162 895
Pedestrian 0.813586 106 885 125 918
Pedestrian 0.271275 140 900 169 927
