Car 0.272683 942 101 965 121
Car 0.719262 1170 122 1223 145
Car 0.771722 1251 128 1303 151
Car 0.376281 1276 128 1329 150
Car 0.638865 1314 129 1364 152
Car 0.651239 1393 131 1450 153
Car 0.798218 842 144 900 177
Car 0.825692 1429 147 1484 167
Car 0.812898 1590 135 1669 156
Car 0.796982 770 165 832 187
Car 0.513969 1432 207 1488 236
Car 0.296538 1542 201 1598 232
Car 0.285196 956 233 994 259
Car 0.293983 1179 223 1210 250
Car 0.359108 1398 248 1449 277
Car 0.482692 907 257 944 286
Car 0.903131 1006 269 1047 299
Car 0.680327 1416 260 1473 286
Car 0.618218 830 275 910 334
Car 0.798732 725 400 786 436
Car 0.318398 729 430 781 458
Car 0.307764 848 423 881 462
Car 0.299858 724 447 775 484
Car 0.297301 716 527 781 569
Car 0.534794 893 549 933 603
Car 0.263844 1377 575 1428 614
Truck 0.501312 680 576 760 627
