Car 0.432971 81 62 122 78
Car 0.484641 26 83 63 101
Car 0.273967 145 97 186 119
Car 0.401991 87 116 124 143
Car 0.813294 391 241 440 271
Car 0.956246 291 259 329 290
Car 0.736896 429 277 482 316
Car 0.266305 652 293 697 311
Car 0.538420 498 300 545 336
Car 0.728759 537 328 584 360
Car 0.725364 556 347 605 385
Car 0.623822 576 362 620 394
Car 0.800169 596 397 638 442
Car 0.326159 327 454 378 485
Car 0.251401 367 489 412 522
Car 0.876796 798 490 861 530
Car 0.921070 663 498 703 547
Pedestrian 0.383899 1507 920 1527 957
Car 0.442464 1153 936 1223 999
