Bus 0.708356 1225 769 1386 911
Car 0.762368 1 825 153 939
Car 0.778142 1103 808 1219 932
Car 0.297752 1167 805 1264 917
Car 0.612703 439 41 460 62
Car 0.586339 435 61 457 83
Car 0.563040 432 79 454 97
Car 0.445556 425 94 453 125
Car 0.656332 406 122 434 146
Car 0.263123 582 178 613 208
Truck 0.567255 648 448 690 504
Car 0.589249 839 461 865 484
Pedestrian 0.583683 819 555 835 601
Car 0.741890 850 540 910 602
Pedestrian 0.261931 183 636 205 676
Car 0.931037 910 660 959 721
Car 0.492549 119 697 173 726
Car 0.785805 219 664 288 762
Pedestrian 0.601155 107 757 133 791
Car 0.658970 0 769 85 835
Bike 0.412943 271 776 299 813
Car 0.865132 878 752 940 832
Pedestrian 0.357175 965 771 982 809
Car 0.322513 1336 789 1404 890
Pedestrian 0.658173 854 839 881 880
Car 0.812263 1026 800 1099 901
Car 0.256931 1212 846 1273 915
Car 0.741037 977 839 1043 960
