Car 0.507558 944 831 1063 961
Car 0.556961 1106 926 1228 1042
Car 0.414304 1158 941 1289 1062
Car 0.754053 1108 25 1156 46
Car 0.605062 1400 19 1444 38
Car 0.692062 787 49 814 64
Car 0.858846 965 41 998 55
Car 0.637211 737 66 776 82
Car 0.404230 781 58 809 74
Car 0.359076 1084 57 1119 70
Car 0.329924 1821 102 1873 126
Car 0.379706 1249 450 1315 487
Car 0.441561 1247 468 1304 498
Car 0.307542 1203 511 1277 543
Car 0.669907 1190 520 1277 578
Car 0.771535 1182 542 1264 597
Car 0.807228 1166 601 1239 664
Car 0.536121 1264 794 1377 869
Car 0.442656 991 822 1043 895
Car 0.804880 1391 838 1510 910
Car 0.302359 944 891 1005 955
Car 0.915537 1006 872 1092 974
Car 0.977776 1126 931 1211 1028
Car 0.627604 973 959 1049 1046
Car 0.682711 1189 952 1274 1064
Car 0.807011 994 979 1091 1076
