Bus 0.513867 114 285 332 397
Car 0.390702 831 483 919 559
Truck 0.696803 96 536 242 634
trafficlight 0.447929 441 202 450 215
Car 0.282712 650 201 673 216
Car 0.670678 749 196 776 216
Car 0.803287 650 208 675 224
Car 0.269658 454 230 489 246
Car 0.285956 480 229 512 246
Car 0.840994 561 225 589 243
Car 0.688952 687 226 709 244
Car 0.803639 488 240 522 258
Car 0.931191 645 237 670 255
Car 0.895784 779 256 811 282
Car 0.735279 534 272 560 292
trafficlight 0.445547 1026 282 1043 303
Car 0.980305 771 305 805 336
Car 0.968042 502 324 538 355
Car 0.904620 325 392 393 448
bench 0.390453 1225 393 1345 431
Car 0.867773 692 410 736 455
Car 0.383900 607 424 653 472
Car 0.988946 410 441 471 487
