Car 0.310294 623 251 639 263
Car 0.305795 356 467 381 479
Car 0.778350 940 464 985 490
Car 0.398333 350 489 379 502
Truck 0.337550 652 518 677 542
Car 0.411661 682 518 704 542
Car 0.277789 325 562 361 585
Car 0.595956 691 562 713 592
Car 0.622485 90 588 138 615
Car 0.831031 336 585 377 610
Car 0.892942 432 585 468 605
Car 0.911165 484 583 521 606
Car 0.321472 814 607 838 633
Car 0.655781 109 619 176 665
Car 0.551584 230 632 282 653
Car 0.352447 292 628 338 654
Car 0.873556 350 621 394 648
Car 0.940735 463 622 515 647
Car 0.572017 164 639 220 663
Car 0.681545 299 661 355 691
Truck 0.481022 729 657 759 692
Car 0.360328 722 734 749 783
Truck 0.453130 836 737 868 782
Car 0.560888 775 789 804 843
Truck 0.456188 905 832 943 894
Truck 0.534064 771 892 808 958
Car 0.621829 819 924 859 990
Car 0.257555 613 983 651 1012
