Bus 0.732937 698 832 957 920
Car 0.354775 1370 516 1396 557
Car 0.473123 1299 622 1366 682
Pedestrian 0.359172 1052 679 1065 704
Pedestrian 0.392196 465 723 491 755
Pedestrian 0.273268 859 729 871 757
Pedestrian 0.284953 946 721 962 757
Pedestrian 0.662998 235 751 259 776
Pedestrian 0.549086 810 742 829 771
Pedestrian 0.342451 944 741 962 773
Pedestrian 0.333716 40 773 61 796
Pedestrian 0.658704 120 766 135 788
Pedestrian 0.489351 228 759 248 782
Pedestrian 0.693086 388 771 408 797
Pedestrian 0.649896 992 765 1010 797
Pedestrian 0.511482 45 779 69 803
Bike 0.698918 722 785 751 812
Pedestrian 0.294553 976 821 990 851
