Car 0.783316 324 652 352 669
Car 0.766234 326 660 359 677
Car 0.952163 405 690 440 713
Car 0.819703 426 685 456 706
Car 0.971413 474 681 509 703
Car 0.991215 76 703 110 728
Car 0.977938 496 729 538 757
Truck 0.791902 667 709 755 756
Car 0.961993 570 750 623 780
Car 0.904157 111 758 166 799
Truck 0.482154 903 746 1022 814
Car 0.261940 901 771 959 819
Truck 0.440922 954 766 1077 839
Car 0.586533 1320 787 1376 817
Car 0.271978 958 793 1019 843
Bus 0.417849 1027 775 1161 861
Bus 0.776879 1106 795 1241 885
Car 0.964910 834 854 934 906
