Car 0.962825 776 361 850 479
Car 0.752483 56 400 179 541
Car 0.984654 883 399 967 507
Car 0.957464 977 439 1080 551
Car 0.464392 786 514 865 646
Car 0.876678 1084 504 1202 641
Car 0.485221 1033 566 1134 686
Car 0.700357 1057 42 1169 84
Car 0.952416 876 101 991 154
Car 0.821547 995 150 1095 194
Car 0.892847 1111 145 1211 195
Car 0.937825 877 160 982 210
Car 0.563245 1066 184 1166 234
Car 0.937158 1025 226 1133 288
Car 0.975036 975 297 1111 372
Car 0.707595 792 508 861 599
Car 0.624150 1045 559 1118 642
