Car 0.263665 13 283 1384 914
Car 0.267055 274 6 294 18
Car 0.840180 221 68 259 115
Car 0.480050 277 123 324 169
Car 0.260104 17 190 40 218
Car 0.338818 6 234 30 266
Car 0.746049 94 250 141 308
Car 0.407707 23 283 77 350
Pedestrian 0.437988 486 334 500 366
Car 0.269344 1288 367 1330 390
Pedestrian 0.366165 734 409 750 431
Bike 0.440310 437 415 466 438
Pedestrian 0.535871 454 422 482 450
Pedestrian 0.838530 573 421 595 453
Bike 0.289568 462 435 485 458
Pedestrian 0.489020 492 449 515 472
Pedestrian 0.405243 623 440 646 465
Bike 0.303007 671 441 699 471
Bike 0.847965 394 461 423 489
Bike 0.759215 543 460 570 483
Bike 0.428768 612 460 647 491
Car 0.885860 1108 497 1209 548
Car 0.970168 638 509 735 557
Car 0.961532 933 521 1036 575
Car 0.979922 794 545 878 596
Car 0.974239 635 565 744 616
Truck 0.684101 926 697 1039 760
