Truck 0.860088 522 643 700 776
Car 0.958161 823 775 990 888
Car 0.600751 560 136 611 167
Car 0.282652 674 136 731 175
Car 0.490124 698 195 742 227
Car 0.307916 709 218 751 247
Car 0.797657 708 224 761 275
Car 0.878301 574 314 646 345
Car 0.364566 677 374 713 407
Car 0.815842 751 363 805 416
Car 0.714581 670 381 719 437
Car 0.328706 602 419 659 444
umbrella 0.293344 835 629 927 684
Bike 0.262841 1181 647 1229 677
Pedestrian 0.344046 1265 668 1295 692
Pedestrian 0.453192 1325 661 1348 691
Pedestrian 0.409815 1069 683 1099 715
Bike 0.520235 1265 681 1298 707
Pedestrian 0.614616 1291 683 1316 708
Pedestrian 0.558198 1318 683 1345 709
Pedestrian 0.588779 1339 684 1366 712
Bike 0.477979 1073 695 1113 728
Pedestrian 0.753213 704 720 727 759
Car 0.842922 1232 712 1372 771
Car 0.954249 526 767 690 827
Pedestrian 0.765301 1123 789 1152 820
Pedestrian 0.883231 1166 806 1196 840
Bike 0.319740 1167 817 1192 842
