Truck 0.747409 1002 186 1155 293
Car 0.494191 484 728 609 833
Truck 0.453000 151 861 347 977
Car 0.321711 1486 38 1552 73
Car 0.270828 1603 39 1661 67
Car 0.387578 1497 79 1579 136
Car 0.361850 1308 126 1397 172
Car 0.899095 1145 159 1258 225
Car 0.957457 1176 292 1288 354
Car 0.798539 1322 316 1422 381
Car 0.868149 1515 305 1605 366
Car 0.954015 765 337 873 401
Car 0.540508 508 448 629 517
Car 0.417428 399 494 519 561
Truck 0.777149 869 478 999 573
Car 0.401843 80 635 175 710
Car 0.546949 330 691 391 772
Car 0.324489 487 750 580 833
Car 0.559186 315 956 462 1052
