Car 0.252087 607 165 639 177
Car 0.271343 685 233 707 245
Car 0.821934 691 232 718 246
Car 0.790714 509 242 539 266
Car 0.253167 761 243 786 255
Car 0.329954 1082 243 1102 251
Car 0.301143 1103 244 1122 253
Car 0.269730 549 252 609 285
Car 0.501563 888 253 919 266
Car 0.662293 950 258 981 272
Car 0.500894 1188 276 1218 286
Car 0.635162 1000 291 1031 309
Car 0.314615 1052 292 1080 307
Car 0.494701 1056 297 1085 312
Car 0.374955 1076 335 1094 346
Car 0.317599 1155 347 1176 363
Car 0.355926 870 396 896 414
Car 0.570424 1105 442 1125 457
Car 0.314209 1102 449 1121 464
