Car 0.337997 782 50 887 158
Car 0.737243 701 168 799 279
Truck 0.282045 407 229 483 378
Car 0.867648 764 279 863 388
Truck 0.832308 378 396 467 523
Truck 0.606687 977 379 1116 537
Truck 0.948908 808 414 928 584
Truck 0.714906 383 543 467 675
Truck 0.794146 849 583 945 691
Car 0.579232 925 942 1085 1047
Car 0.734541 1093 931 1313 1048
Car 0.855393 222 7 335 55
Car 0.641260 673 26 764 69
Car 0.469374 670 69 769 122
Car 0.844170 611 105 709 155
Pedestrian 0.809785 921 152 943 197
Car 0.314584 711 184 775 285
Car 0.491411 801 190 889 267
Car 0.739195 277 248 341 336
Car 0.480364 907 294 953 382
Car 0.942005 706 390 778 486
Pedestrian 0.321615 473 427 490 482
Pedestrian 0.340936 980 628 1001 685
