Car 0.658578 425 603 516 718
Car 0.847302 313 687 419 801
Car 0.663678 492 714 594 832
Car 0.660335 648 757 733 891
Car 0.438166 884 56 911 80
Car 0.254587 838 102 859 121
Car 0.675626 784 164 810 188
Car 0.547895 826 156 859 188
Car 0.318736 866 154 890 187
Car 0.396778 779 176 803 198
Car 0.873930 750 197 785 224
Car 0.436473 749 217 774 244
Car 0.280294 1050 217 1079 246
Car 0.565336 728 242 747 262
Car 0.988192 901 229 941 265
Car 0.962646 993 233 1035 263
Car 0.793237 1048 236 1082 264
Car 0.421323 705 262 734 287
Car 0.258909 696 281 723 302
Car 0.883314 668 295 709 330
Pedestrian 0.839514 914 294 928 319
Car 0.532414 670 321 703 350
Car 0.942180 855 315 889 352
Car 0.814753 643 337 676 360
Car 0.856747 727 355 775 406
Pedestrian 0.387358 574 375 587 407
Car 0.787175 589 381 640 444
Pedestrian 0.568276 570 424 593 456
Car 0.687244 779 444 831 509
Car 0.950134 525 452 587 524
Car 0.857052 1047 652 1096 704
Car 0.341921 289 674 345 720
Car 0.288741 1032 706 1061 739
Pedestrian 0.412541 1040 705 1064 743
