Truck 0.884181 1338 685 1490 783
Car 0.316526 36 119 86 141
Car 0.508593 53 120 106 152
Car 0.964716 104 142 166 175
Car 0.820817 190 177 241 213
Car 0.956348 262 222 342 264
Car 0.862455 389 258 446 298
Car 0.737930 463 297 540 351
Car 0.642485 463 337 518 372
Car 0.943816 549 344 617 375
Car 0.941958 628 378 711 425
Car 0.952601 497 413 582 460
Car 0.903686 714 415 801 459
Pedestrian 0.281790 914 455 941 491
Car 0.918776 842 473 940 530
Car 0.958724 940 519 1036 585
Car 0.939928 1081 576 1190 639
Pedestrian 0.253714 1666 612 1689 644
Car 0.856905 1227 637 1325 701
Pedestrian 0.637923 1505 811 1541 840
Bike 0.534519 1512 816 1545 845
