Pedestrian 0.266674 505 441 515 460
Car 0.296333 918 459 956 485
Car 0.556144 914 467 962 500
Pedestrian 0.296969 530 502 545 523
Car 0.393505 1731 493 1779 520
Car 0.453375 1755 500 1797 526
Car 0.255140 1767 511 1809 535
Car 0.432839 1802 521 1849 541
Car 0.491653 483 535 516 562
Car 0.306933 1880 547 1910 581
Pedestrian 0.283628 456 585 470 605
Car 0.546081 685 703 723 731
Car 0.663806 757 730 796 769
Car 0.460054 938 762 970 795
Car 0.641216 759 821 794 853
Car 0.608558 820 840 856 877
Truck 0.472470 726 851 794 915
Car 0.960069 49 906 127 940
Car 0.738317 214 912 290 945
Car 0.415265 170 946 257 994
Car 0.732806 3 963 57 1001
Car 0.870032 665 998 754 1041
