Car 0.287834 582 228 653 376
Car 0.554770 775 280 882 390
Car 0.912167 826 279 927 393
Car 0.825591 597 367 673 513
Car 0.916029 771 381 889 491
Car 0.828474 249 481 355 613
trafficlight 0.677343 574 520 695 675
Car 0.674360 795 503 920 666
Bus 0.725724 957 548 1102 718
Car 0.408270 542 11 595 42
Car 0.391525 575 6 626 59
Car 0.702129 448 19 495 69
Car 0.837326 540 45 586 105
Car 0.646179 538 82 584 141
Car 0.295904 366 100 427 155
Car 0.308271 715 97 776 155
Car 0.788322 585 141 642 204
Car 0.495079 737 136 797 212
Car 0.531464 588 199 644 273
Car 0.393243 781 290 855 377
Pedestrian 0.265725 969 445 994 492
Car 0.443850 441 538 541 617
Pedestrian 0.271609 957 697 990 745
Pedestrian 0.729043 875 695 923 770
Pedestrian 0.468771 959 736 994 820
Pedestrian 0.478742 988 761 1035 834
