Pedestrian 0.448788 1049 946 1214 1075
Car 0.768778 830 18 887 44
Car 0.566822 828 58 891 95
Car 0.604263 1281 409 1390 452
Car 0.450812 1172 424 1280 471
Car 0.943179 1745 430 1840 476
Car 0.809166 1079 439 1169 488
Car 0.768466 748 483 833 536
Car 0.902562 855 475 946 526
Car 0.827109 649 510 756 559
Car 0.937629 371 550 479 603
Car 0.933822 494 536 603 586
pottedplant 0.252643 1746 548 1805 580
Car 0.486529 251 569 359 625
Car 0.927627 116 592 229 646
Car 0.309234 2 608 43 651
Car 0.479348 3 619 94 687
Car 0.716422 394 729 527 796
