Car 0.407605 40 33 59 46
Car 0.754832 73 46 98 59
Car 0.604267 64 71 91 83
Car 0.511792 126 103 150 119
Car 0.641668 198 110 224 125
Car 0.461824 181 167 218 189
Car 0.717838 76 197 109 218
Car 0.467291 106 226 144 247
Car 0.657946 492 347 522 365
Car 0.536941 434 370 468 397
Car 0.464995 607 396 645 426
Car 0.585940 534 449 565 482
Truck 0.335113 541 454 572 487
Car 0.512554 518 484 547 510
Truck 0.390103 722 481 751 511
Car 0.312128 1105 479 1132 504
Car 0.380166 1263 482 1292 500
Car 0.745919 527 488 559 520
Car 0.589084 1232 500 1259 520
Car 0.577456 1230 510 1255 526
Car 0.287307 1120 560 1165 610
Car 0.429971 1286 567 1314 595
Car 0.489485 618 618 659 650
