Car 0.293717 376 588 395 600
Car 0.378562 356 611 383 629
Car 0.568426 381 609 404 622
Car 0.672636 351 625 378 644
Car 0.707631 638 613 679 649
Car 0.467431 710 632 738 650
Car 0.937440 346 642 375 663
Car 0.712355 237 668 271 690
Car 0.925780 400 657 433 681
Bus 0.420843 875 648 963 690
Pedestrian 0.609033 88 688 104 719
Car 0.261732 205 691 255 711
Car 0.443435 238 682 274 703
Car 0.727852 196 703 260 726
Car 0.960861 394 699 439 737
Bus 0.778953 1113 687 1269 751
Car 0.644336 197 719 263 748
Bus 0.582924 1163 702 1285 770
Car 0.946201 125 742 235 780
Bus 0.794110 1260 714 1391 791
Car 0.585202 1355 761 1399 820
Car 0.995637 65 785 216 841
Car 0.947742 1114 840 1265 912
Car 0.548597 1268 844 1411 921
Car 0.956879 680 858 789 949
Truck 0.867474 -2 878 148 964
Car 0.924622 -4 964 71 1047
