Truck 0.286352 454 196 558 310
Bus 0.329234 1227 730 1388 844
Car 0.499650 366 96 408 120
Car 0.426300 367 115 431 147
Truck 0.369547 406 153 490 201
Pedestrian 0.321226 583 218 592 237
Car 0.639623 421 267 450 289
Truck 0.433385 468 233 576 304
Car 0.282833 646 299 672 319
Car 0.768471 479 343 505 376
Pedestrian 0.318744 704 347 717 370
Pedestrian 0.327488 819 378 828 400
Pedestrian 0.294853 842 383 850 407
Car 0.560381 970 372 1027 400
Pedestrian 0.275619 808 407 826 428
Pedestrian 0.467854 764 424 779 447
Pedestrian 0.580102 786 429 796 450
Pedestrian 0.673904 817 425 829 448
Pedestrian 0.329297 394 485 407 511
Pedestrian 0.913578 835 475 850 508
Car 0.794570 986 566 1073 632
