Car 0.406934 328 40 368 57
Car 0.302187 1303 41 1332 58
Car 0.350757 1294 58 1335 79
Car 0.853886 1286 123 1327 155
Car 0.805211 1178 167 1212 193
Car 0.725414 1279 169 1318 193
Car 0.457458 1275 182 1317 206
Car 0.542479 1279 206 1314 228
Car 0.278795 1281 225 1312 252
Car 0.340926 1276 238 1309 274
Car 0.513403 1367 284 1419 312
Car 0.379836 1384 291 1437 319
Car 0.389831 1246 310 1279 340
Car 0.602883 1412 303 1455 330
Car 0.252856 1230 330 1264 354
Car 0.518587 1253 326 1291 355
Car 0.484097 1337 334 1373 359
Car 0.398399 1266 352 1297 374
Car 0.832579 1283 356 1324 382
Car 0.327784 1332 346 1367 370
Car 0.641768 1368 345 1406 375
Car 0.260274 1625 352 1663 373
Car 0.803493 1332 372 1373 396
Car 0.284653 1349 390 1399 415
Car 0.801779 235 661 337 711
Car 0.886093 339 664 426 708
Car 0.867776 448 670 538 716
Car 0.843384 547 665 654 727
Pedestrian 0.840005 654 782 684 819
Bike 0.391947 1483 767 1565 827
Car 0.812188 1853 769 1915 825
Pedestrian 0.806822 925 917 959 956
Car 0.447207 1865 956 1914 1058
