Car 0.322930 737 18 751 26
Car 0.361525 757 17 773 27
Car 0.317771 628 31 641 44
Car 0.290946 761 31 774 40
Car 0.688951 559 47 581 60
Car 0.666944 635 43 648 53
Car 0.447311 650 42 668 54
Car 0.687735 671 44 685 55
Car 0.605250 702 42 718 53
Car 0.272387 795 46 809 57
Car 0.353082 846 47 864 62
Bus 0.292445 492 50 548 78
Car 0.475597 845 58 864 70
Car 0.261478 526 91 543 105
Car 0.286363 535 93 549 106
Truck 0.395628 684 93 707 125
Car 0.583162 595 117 612 134
Car 0.272428 623 155 642 173
Truck 0.294712 695 126 726 179
Car 0.259462 653 170 676 187
Car 0.269464 700 164 723 182
Car 0.574272 540 181 564 199
Car 0.572642 681 183 700 199
Car 0.676503 574 199 598 218
Car 0.310773 595 196 624 218
Car 0.510216 620 197 643 217
Car 0.312274 775 197 793 218
Car 0.495136 638 255 661 279
Car 0.521214 604 266 630 289
Car 0.420483 556 285 577 305
Car 0.485429 841 399 877 420
Car 0.339065 518 447 540 469
Car 0.550880 1047 457 1068 469
Car 0.315729 437 468 456 484
Car 0.359905 740 463 763 491
Car 0.527066 1038 486 1053 498
Car 0.565739 1037 501 1053 513
Car 0.325478 1047 504 1065 515
Car 0.392123 459 531 484 548
Car 0.337494 456 538 483 557
Car 0.309519 561 531 590 571
