Car 0.362189 269 2 296 15
Car 0.363453 241 41 261 57
Car 0.627647 268 34 290 51
Car 0.387689 260 78 285 99
Car 0.551908 302 80 326 99
Car 0.358697 640 105 669 122
Car 0.762679 622 114 663 137
Car 0.261390 341 201 365 227
Car 0.253875 342 219 365 246
Car 0.305885 338 231 368 264
Car 0.697561 375 243 406 270
Car 0.409386 420 303 446 327
Car 0.500059 460 301 495 334
Car 0.393045 529 295 559 322
Car 0.941610 161 341 204 370
Car 0.923720 94 363 139 384
Car 0.541317 446 352 480 386
Car 0.411735 572 357 602 381
Car 0.584741 4 385 29 409
Car 0.517576 37 373 82 397
Car 0.891330 153 393 203 423
Car 0.532377 5 395 70 469
Car 0.329599 485 452 516 487
Car 0.430392 534 468 588 521
Car 0.685353 643 532 689 574
Car 0.421588 542 551 592 607
boat 0.327527 639 723 691 793
