boat 0.547808 1127 949 1377 1050
Car 0.340490 88 165 144 184
Car 0.487806 56 186 82 201
Car 0.454358 131 185 174 209
Truck 0.280431 326 241 409 299
boat 0.647404 543 496 599 541
Pedestrian 0.280968 641 506 654 534
Pedestrian 0.732071 764 576 775 600
Pedestrian 0.551628 380 596 395 622
Pedestrian 0.596181 974 702 991 730
Pedestrian 0.479144 993 703 1012 733
Pedestrian 0.815680 927 730 942 753
Pedestrian 0.746915 947 728 960 751
Pedestrian 0.314924 1277 915 1299 937
Pedestrian 0.665290 1289 915 1308 936
Pedestrian 0.513214 1314 941 1334 974
Pedestrian 0.345713 1065 972 1083 993
