Car 0.512430 966 808 1349 1033
Car 0.620860 543 280 692 390
Car 0.958993 989 430 1131 525
Car 0.497117 385 480 533 587
Car 0.965061 791 525 965 612
Car 0.884179 533 585 713 682
Car 0.944287 822 618 1039 717
Car 0.733789 188 647 324 818
Car 0.985129 975 720 1192 858
Car 0.399797 1201 779 1392 940
Car 0.696323 428 846 617 1042
Car 0.586588 1012 852 1209 1023
Car 0.361934 489 153 574 218
Pedestrian 0.611633 445 265 465 308
Car 0.640311 491 256 598 322
Car 0.560857 908 248 1000 329
Pedestrian 0.683941 454 317 478 362
Car 0.722881 861 289 951 373
Car 0.278593 795 305 854 392
Car 0.709231 1249 322 1358 392
Pedestrian 0.574750 591 353 614 397
Pedestrian 0.728021 617 352 638 396
Pedestrian 0.362923 704 386 723 431
Car 0.892956 1133 374 1253 447
Pedestrian 0.416636 720 456 749 500
Car 0.978299 782 448 911 531
Car 0.463314 387 491 500 566
