person 0.554912 371 45 444 185
person 0.351713 123 105 211 250
person 0.542960 179 120 267 244
person 0.501669 373 122 455 252
person 0.544153 457 97 536 256
person 0.258961 97 146 180 279
person 0.265063 456 133 564 361
person 0.342224 66 167 185 397
person 0.888277 477 123 638 423
person 0.810304 -3 177 144 428
diningtable 0.353732 107 174 547 443
person 0.378039 235 33 281 112
person 0.317408 301 61 358 142
bowl 0.257275 357 196 394 216
cup 0.440129 274 208 301 238
bowl 0.313358 309 213 353 234
bowl 0.301878 231 229 272 249
bowl 0.297283 313 223 355 241
cup 0.374742 349 238 373 276
person 0.320807 444 174 523 331
bottle 0.510618 238 295 274 375
cup 0.299739 406 300 439 363
bowl 0.411958 306 345 415 424
cup 0.699621 239 371 292 424
