person 0.902474 209 23 261 106
person 0.889932 257 21 309 111
person 0.900451 311 26 361 105
person 0.994335 58 33 114 120
person 0.946140 114 30 162 117
person 0.888656 160 27 209 118
person 0.969083 350 26 394 118
person 0.989035 391 32 439 116
person 0.979814 225 71 282 151
person 0.807636 283 78 321 143
person 0.894921 2 89 51 158
person 0.887620 45 85 99 159
person 0.925478 93 86 145 160
person 0.897902 141 87 188 157
person 0.881030 183 85 230 153
person 0.958652 320 83 364 160
person 0.767675 366 88 410 162
person 0.981641 407 82 453 161
person 0.811195 448 86 492 203
person 0.597416 40 125 79 210
person 0.941320 146 120 189 241
person 0.870010 180 119 224 238
person 0.956103 210 125 257 233
person 0.984220 249 126 292 232
person 0.906208 288 123 335 236
person 0.970266 317 128 359 234
person 0.987797 350 131 399 233
person 0.974831 393 129 436 231
person 0.894134 70 134 111 246
person 0.988449 106 125 150 258
person 0.978274 1 132 50 277
person 0.966638 427 131 480 275
person 0.793826 37 140 85 283
person 0.999462 205 191 264 288
person 0.997492 263 197 329 285
person 0.999073 324 191 390 288
person 0.986026 386 194 452 287
person 0.988362 69 200 134 295
person 0.998835 141 200 214 292
tie 0.597632 330 59 336 73
tie 0.502161 102 226 110 241
