person 0.564736 586 85 614 136
person 0.928426 608 80 634 140
person 0.880150 486 95 512 142
person 0.725879 533 96 576 141
person 0.558620 53 103 79 150
person 0.880562 426 99 449 151
person 0.920840 447 97 471 157
person 0.868719 457 96 484 155
motorbike 0.886072 527 120 586 156
person 0.907036 60 100 113 190
motorbike 0.879463 274 128 312 166
motorbike 0.574395 368 127 411 158
motorbike 0.966786 5 121 67 191
motorbike 0.867988 110 133 159 184
motorbike 0.987079 197 129 273 175
motorbike 0.968020 306 124 371 183
person 0.867474 305 108 324 132
