person 0.630340 -5 4 662 154
person 0.985015 86 112 120 175
person 0.785097 95 219 126 286
person 0.951486 4 237 60 309
person 0.985327 480 208 543 322
person 0.545387 20 21 42 33
person 0.927404 401 69 417 101
person 0.873314 416 74 439 100
person 0.665373 511 75 535 100
person 0.619268 448 77 469 107
person 0.528715 533 85 557 109
person 0.547002 485 87 507 120
person 0.761219 564 85 585 118
person 0.977963 180 80 199 137
tennisracket 0.883447 108 129 128 140
person 0.618347 450 117 479 159
person 0.603259 568 121 593 148
sportsball 0.937342 388 199 395 204
tennisracket 0.603466 485 220 503 238
