person 0.984994 436 238 620 429
person 0.614337 301 17 333 88
person 0.814245 563 25 599 82
person 0.613164 532 39 571 112
person 0.537334 156 54 198 117
person 0.830554 483 45 521 143
person 0.770531 579 42 625 136
person 0.827061 454 60 484 145
person 0.576261 83 92 128 148
person 0.561100 354 78 398 168
person 0.963374 410 56 457 193
person 0.693240 207 74 267 210
person 0.994353 270 47 331 225
person 0.651503 158 78 213 237
person 0.993000 511 100 564 201
person 0.852535 83 121 130 230
person 0.787109 347 126 417 226
person 0.881550 1 135 62 278
person 0.973348 100 123 209 284
person 0.953378 452 140 520 270
person 0.849381 313 175 398 263
person 0.819549 403 169 468 277
person 0.942430 584 93 638 349
person 0.987821 216 157 298 353
person 0.974941 378 219 496 419
person 0.983063 0 262 71 422
person 0.983713 53 234 153 434
person 0.994764 142 264 272 422
person 0.995922 245 272 356 423
person 0.977570 337 293 439 422
