diningtable 0.541061 388 137 563 267
person 0.998356 143 213 370 475
laptop 0.999041 47 341 209 458
person 0.984126 408 19 491 147
person 0.881741 469 72 527 154
person 0.541386 530 76 579 154
chair 0.991594 189 125 268 189
person 0.996043 334 94 432 258
person 0.805082 526 68 637 280
chair 0.970557 300 148 396 265
chair 0.993259 475 177 577 319
chair 0.746707 283 219 327 308
laptop 0.941990 97 259 208 336
chair 0.920759 365 284 488 460
tvmonitor 0.949665 193 79 234 115
cup 0.935050 88 321 118 371
