person 0.993541 4 155 142 425
person 0.984040 79 153 232 388
person 0.998877 479 127 639 422
diningtable 0.997760 95 158 556 451
person 0.580722 360 26 406 94
person 0.975966 236 33 284 111
person 0.995297 301 63 357 134
person 0.896031 220 77 275 168
person 0.900149 363 75 406 164
person 0.991064 388 55 457 219
person 0.551396 132 102 202 244
person 0.974389 230 129 287 207
person 0.971484 182 132 244 238
person 0.925420 376 132 453 247
person 0.981455 454 104 545 271
person 0.733273 444 170 532 337
wineglass 0.953354 387 259 420 322
cup 0.819899 241 305 275 371
cup 0.997415 404 306 445 356
wineglass 0.991798 279 326 317 413
bowl 0.622065 316 354 415 421
cup 0.977849 241 373 289 424
person 0.783547 265 89 295 119
cup 0.775278 307 134 319 155
cup 0.580474 291 166 307 204
cup 0.592593 278 208 303 242
cup 0.589972 335 240 359 273
cup 0.608159 356 234 383 282
