book 0.596107 423 8 579 400
bed 0.992255 1 248 402 471
pottedplant 0.923980 186 131 235 227
chair 0.991979 242 232 339 315
pottedplant 0.995040 339 221 433 349
book 0.578380 492 158 527 165
book 0.607550 523 146 551 180
book 0.619618 491 168 529 174
bottle 0.736360 95 189 112 233
book 0.506299 435 193 441 227
book 0.551996 446 193 451 226
book 0.557075 455 194 462 226
book 0.564458 496 195 502 228
book 0.613787 508 193 513 229
book 0.682134 520 192 525 229
book 0.608094 532 193 537 229
book 0.668582 498 247 524 287
book 0.751728 519 248 548 288
