person 0.996699 37 137 276 529
cup 0.950334 244 428 373 644
person 0.824895 364 452 474 582
bottle 0.805020 266 15 292 101
person 0.725238 435 243 478 414
wineglass 0.872674 353 420 416 575
bottle 0.702535 49 3 71 49
bottle 0.815360 85 5 107 54
bottle 0.580199 149 2 169 59
bottle 0.856904 128 16 145 66
bottle 0.730472 170 8 187 74
bottle 0.920930 234 19 252 95
bottle 0.921929 206 42 225 85
bottle 0.837745 293 45 306 105
bottle 0.857141 313 66 328 110
bottle 0.761278 331 71 343 114
bottle 0.689495 340 73 351 116
bottle 0.681321 257 139 271 197
