diningtable 0.901246 179 159 388 260
person 0.994241 75 115 239 386
person 0.999212 331 128 474 352
person 0.871331 370 50 403 127
person 0.734054 460 63 496 143
person 0.992137 279 94 330 147
person 0.520097 214 100 257 173
person 0.990840 324 94 400 186
person 0.914637 189 101 232 202
person 0.947101 30 106 84 246
person 0.972694 518 99 577 247
person 0.732103 557 110 636 233
person 0.986261 142 119 213 250
chair 0.538194 505 149 548 254
chair 0.980659 559 177 633 294
chair 0.952907 76 254 181 375
chair 0.998361 219 259 343 418
person 0.622828 227 62 252 86
cup 0.510967 248 161 260 173
cup 0.698114 235 171 248 185
