truck 0.748543 241 394 296 457
car 0.993818 209 432 271 476
person 0.948456 383 417 422 632
trafficlight 0.542730 265 347 275 361
trafficlight 0.577900 162 357 171 374
trafficlight 0.625844 246 378 251 387
car 0.733543 149 419 172 438
car 0.597854 171 421 182 436
car 0.592776 176 420 190 435
car 0.720580 186 420 195 435
car 0.762046 195 419 209 433
car 0.703121 211 417 222 429
car 0.823177 2 434 33 470
car 0.945028 19 431 54 467
car 0.965886 52 425 97 462
car 0.971536 106 424 156 463
car 0.701708 247 427 280 466
