person 0.995607 12 41 70 169
person 0.959142 186 17 237 256
person 0.996721 40 80 128 269
teddybear 0.822582 102 84 208 266
backpack 0.866693 29 259 113 320
person 0.859324 127 6 156 83
person 0.597561 176 12 198 65
person 0.950638 215 14 239 67
person 0.977037 149 13 186 90
person 0.761695 47 29 77 105
backpack 0.594680 71 51 88 89
person 0.887033 1 29 27 129
person 0.791012 173 22 224 136
backpack 0.807472 36 67 68 108
person 0.859073 53 -1 66 21
person 0.587436 39 3 51 30
person 0.696906 121 0 132 27
person 0.517253 24 21 43 47
person 0.537320 71 19 87 46
