person 0.980181 151 98 300 288
person 0.999336 288 93 457 287
laptop 0.979858 331 221 503 339
person 0.952037 412 100 644 442
laptop 0.973336 259 229 507 477
laptop 0.732915 59 309 260 474
keyboard 0.841001 334 363 606 486
person 0.774802 560 42 611 122
person 0.993515 274 65 358 209
person 0.815613 444 61 532 214
person 0.752994 0 93 109 214
laptop 0.944989 3 178 104 241
laptop 0.837915 80 209 193 280
cup 0.958882 41 262 78 321
cup 0.962121 361 283 401 359
cup 0.976082 249 381 325 473
person 0.522462 365 59 408 92
bottle 0.538149 190 265 214 315
mouse 0.786072 461 354 513 381
