motorbike 0.993177 181 265 336 360
person 0.951201 40 224 80 285
motorbike 0.917922 388 242 469 342
motorbike 0.731182 443 243 521 339
motorbike 0.780152 521 253 579 324
motorbike 0.689678 557 255 608 320
motorbike 0.953979 299 251 371 355
motorbike 0.813556 351 257 408 347
motorbike 0.515065 505 268 552 331
motorbike 0.824597 24 256 94 389
motorbike 0.956263 80 254 152 386
motorbike 0.934982 134 258 194 381
person 0.731026 5 218 29 264
person 0.766934 348 227 372 260
person 0.510825 401 228 420 255
person 0.695684 555 227 583 260
person 0.597991 595 224 614 262
