person 0.905603 5 37 536 292
person 0.565848 133 139 176 201
person 0.502013 177 137 225 203
person 0.577227 386 136 439 202
person 0.663138 11 176 57 231
person 0.718328 47 176 92 232
person 0.532425 256 166 302 237
person 0.582067 434 173 476 229
person 0.642265 502 171 549 230
person 0.786719 87 183 133 256
person 0.557309 211 179 267 248
person 0.642102 451 197 496 244
person 0.728141 583 175 637 250
person 0.938596 112 224 162 307
person 0.979518 157 223 209 308
person 0.543410 2 242 34 319
person 0.896388 22 230 90 323
person 0.867317 57 223 116 321
person 0.994678 201 228 273 318
person 0.928422 252 232 299 315
person 0.996632 276 238 345 323
person 0.825136 389 242 433 311
person 0.966397 574 232 637 327
person 0.988340 322 246 400 330
person 0.994917 396 243 471 334
person 0.993451 449 243 520 337
person 0.966774 509 236 589 340
tie 0.506961 568 81 571 88
tie 0.505035 194 162 200 174
tie 0.806289 303 159 309 174
tie 0.504704 273 194 278 203
tie 0.576295 564 195 569 204
tie 0.561296 413 200 419 214
