car 0.973977 38 362 275 434
car 0.938118 212 335 297 379
car 0.998791 311 339 413 392
car 0.952687 394 335 451 385
car 0.986050 433 335 526 397
car 0.968298 -4 350 106 433
car 0.885938 0 340 38 354
car 0.946990 46 335 117 357
car 0.798476 178 333 220 369
person 0.579815 565 342 578 357
car 0.950202 139 341 183 366
person 0.965678 239 332 261 380
person 0.736190 302 337 316 378
person 0.713120 548 346 570 383
person 0.669021 585 344 602 385
person 0.755374 601 345 618 384
person 0.504141 611 346 628 384
