person 0.991916 38 44 287 427
person 0.999551 218 51 591 416
person 0.965353 471 110 522 178
person 0.713524 64 132 100 203
person 0.939742 237 130 270 207
person 0.847338 574 103 635 238
person 0.917647 10 110 71 264
person 0.912782 192 134 228 245
person 0.962076 289 119 338 264
person 0.635659 579 153 638 387
diningtable 0.542637 213 253 315 312
tie 0.979561 394 190 434 386
person 0.589776 274 142 296 179
person 0.888017 513 137 536 179
person 0.657598 548 139 573 194
wineglass 0.781439 19 245 36 272
wineglass 0.615188 222 243 238 272
