suitcase 0.287121 396 256 465 355
person 0.474648 442 51 466 84
person 0.492211 287 56 309 95
person 0.337486 459 59 487 90
person 0.310333 106 50 140 140
person 0.727233 123 50 167 138
person 0.717883 340 56 374 123
person 0.455961 375 66 414 121
donut 0.765575 109 183 147 202
donut 0.781861 162 183 197 200
donut 0.712674 206 185 236 202
donut 0.537604 226 183 258 203
donut 0.328893 261 181 298 203
donut 0.529364 67 199 106 221
donut 0.715206 82 210 120 230
donut 0.500358 45 227 78 253
donut 0.276848 119 227 161 248
