motorbike 0.655437 20 121 132 192
person 0.269026 487 97 505 123
person 0.513945 585 87 611 133
person 0.351330 615 84 634 133
person 0.318118 305 109 325 132
person 0.536390 486 96 514 141
person 0.507933 422 102 451 154
person 0.856354 436 99 468 154
person 0.540576 465 99 488 152
person 0.620851 59 94 106 181
motorbike 0.303243 386 119 424 156
motorbike 0.571484 527 116 579 158
motorbike 0.662799 193 127 228 171
motorbike 0.324832 287 118 321 176
motorbike 0.335514 313 115 358 177
motorbike 0.305672 358 126 402 163
motorbike 0.537574 11 122 55 190
motorbike 0.752167 114 128 158 182
motorbike 0.427044 204 128 259 177
