chair 0.613836 89 233 612 330
clock 0.696849 390 63 533 224
person 0.790995 419 286 468 347
person 0.802445 181 270 219 394
person 0.903289 318 305 377 370
person 0.867870 373 297 416 366
person 0.617129 495 297 548 367
person 0.662017 9 310 72 415
person 0.679231 269 322 326 395
person 0.587593 325 346 391 417
person 0.767303 397 335 459 421
bench 0.524988 498 336 563 415
person 0.660818 105 224 143 281
person 0.557064 581 255 613 291
person 0.676941 294 275 326 318
person 0.514688 571 288 605 325
chair 0.561812 373 388 411 423
