person 0.768871 399 86 501 287
person 0.942362 505 115 602 272
kite 0.932555 163 107 534 332
person 0.975515 328 37 344 79
person 0.964386 380 39 396 82
person 0.995663 104 46 126 92
person 0.965672 350 45 364 97
person 0.974596 364 58 382 107
person 0.998985 158 82 200 165
person 0.996203 267 80 298 169
chair 0.571245 74 120 106 152
person 0.993010 583 114 611 176
person 0.571328 464 15 471 32
person 0.937558 186 44 198 59
person 0.961242 169 47 179 61
person 0.538923 280 80 296 106
backpack 0.729525 2 152 38 172
backpack 0.565046 57 153 101 172
