person 0.645241 288 55 324 102
person 0.526855 423 49 457 101
person 0.548561 456 51 489 104
person 0.582492 584 53 621 105
person 0.766225 5 61 38 111
person 0.667334 62 83 97 134
person 0.786843 95 79 132 138
person 0.508938 229 81 263 129
person 0.622698 262 81 296 131
person 0.569750 353 84 390 134
person 0.761350 399 82 436 131
person 0.637708 531 81 572 132
person 0.527078 190 95 225 136
person 0.506932 500 94 539 138
person 0.575418 601 93 636 137
person 0.646663 258 129 297 166
person 0.765199 438 131 499 192
person 0.521001 22 150 61 187
person 0.616262 95 143 134 192
person 0.860691 130 137 177 200
person 0.907424 171 136 225 202
person 0.795932 219 139 269 198
person 0.669094 283 134 329 197
person 0.831507 334 137 386 200
person 0.910029 386 135 435 202
person 0.814721 507 138 555 200
person 0.611857 560 140 595 193
person 0.806898 613 141 639 196
person 0.853651 17 179 55 225
person 0.779737 46 172 95 233
person 0.688648 121 177 154 221
person 0.957909 253 166 300 235
person 0.693094 335 173 374 228
person 0.862562 435 172 470 232
person 0.863011 474 171 512 222
person 0.886535 505 170 549 231
person 0.872542 545 169 590 228
person 0.516445 0 179 23 241
person 0.581085 215 172 264 243
person 0.919873 292 168 337 252
person 0.880376 395 173 438 244
person 0.873791 583 167 634 252
person 0.970295 88 180 135 255
person 0.804398 448 198 492 243
person 0.893667 140 207 174 258
person 0.592552 249 223 277 261
person 0.608030 316 215 350 267
person 0.573491 413 216 450 264
person 0.674445 362 221 394 286
person 0.728630 580 220 612 276
person 0.732827 449 236 476 281
person 0.992525 62 219 112 318
person 0.987422 99 227 158 314
person 0.998223 151 226 210 312
person 0.999483 201 225 262 315
person 0.986453 255 234 302 310
person 0.657817 2 240 36 324
person 0.990145 20 232 90 325
person 0.999460 280 241 342 321
person 0.937824 389 245 431 320
person 0.770675 507 237 555 328
person 0.655986 538 239 591 327
person 0.979282 589 240 638 322
person 0.998599 332 247 395 331
person 0.998977 396 246 470 335
person 0.997219 459 246 524 333
tie 0.703063 375 70 379 78
tie 0.711516 406 75 409 80
tie 0.587052 195 162 201 172
tie 0.534741 118 167 123 174
tie 0.692393 151 168 155 176
tie 0.571475 68 204 76 214
tie 0.655312 413 201 418 212
tie 0.626868 486 275 498 294
