person 0.999189 27 114 288 583
cup 0.952206 238 429 379 637
person 0.904304 370 467 479 558
bottle 0.670824 51 2 70 48
bottle 0.804838 84 4 105 55
bottle 0.842720 148 0 166 61
bottle 0.896372 127 15 146 66
bottle 0.582543 169 1 186 74
bottle 0.963854 232 18 251 92
bottle 0.978206 265 17 292 102
bottle 0.841450 332 68 350 118
bottle 0.591341 446 370 474 451
wineglass 0.995876 356 406 415 565
bottle 0.872605 207 43 223 85
bottle 0.941352 293 50 305 103
bottle 0.906286 313 66 327 108
bottle 0.775845 358 85 369 119
bottle 0.686974 395 89 406 125
bottle 0.609359 416 91 428 131
bottle 0.671147 466 211 476 255
wineglass 0.593482 339 263 349 297
wineglass 0.508737 357 262 368 299
