person 0.997186 67 198 134 296
person 0.999577 142 194 207 293
person 0.987434 389 196 460 286
person 0.994390 162 29 210 108
person 0.996683 204 25 259 104
person 0.992812 256 23 313 109
person 0.995886 351 29 394 108
person 0.992807 111 33 162 114
person 0.997927 309 31 359 114
person 0.997756 391 36 442 112
person 0.996250 56 36 111 127
person 0.998265 227 73 282 153
person 0.988867 279 78 319 150
person 0.995772 46 85 93 158
person 0.999387 96 84 146 159
person 0.998932 142 88 189 157
person 0.989823 184 86 230 156
person 0.995493 316 85 363 156
person 0.999194 362 87 407 158
person 0.994387 404 84 451 160
person 0.909427 0 92 49 167
person 0.557596 449 88 493 220
person 0.995383 179 123 227 219
person 0.985514 143 121 184 236
person 0.987321 213 128 257 229
person 0.994571 249 120 295 234
person 0.963488 288 126 326 229
person 0.961469 314 133 363 225
person 0.993718 351 131 398 228
person 0.995401 392 129 436 226
person 0.852097 74 136 116 237
person 0.949048 109 124 148 250
person 0.809517 41 109 81 295
person 0.993903 429 119 478 286
person 0.989281 1 129 47 289
person 0.996014 203 188 265 283
person 0.996568 267 195 326 274
person 0.999067 328 197 386 282
tie 0.885793 330 58 336 73
tie 0.662082 409 63 414 75
tie 0.623647 102 226 110 242
