person 0.867993 585 88 605 136
person 0.914843 600 84 633 140
person 0.591949 52 103 76 137
person 0.899033 305 108 326 131
person 0.949310 484 95 507 143
person 0.988536 433 99 453 155
person 0.988965 452 95 480 156
person 0.958501 70 94 113 181
person 0.947965 322 105 364 172
motorbike 0.687218 396 123 431 151
motorbike 0.985913 528 122 587 156
motorbike 0.915438 275 125 316 167
motorbike 0.937626 7 126 67 190
motorbike 0.879551 94 132 158 186
motorbike 0.979711 209 136 270 176
motorbike 0.985237 307 136 372 182
