person 0.737437 4 99 105 184
person 0.979659 269 62 363 216
person 0.938250 449 68 538 225
person 0.983637 135 92 296 272
person 0.998857 307 87 456 279
laptop 0.599564 1 179 107 244
laptop 0.968008 80 210 211 279
person 0.758424 467 88 639 388
laptop 0.945912 312 225 515 337
laptop 0.921559 272 248 451 466
laptop 0.951434 56 310 258 474
keyboard 0.993224 433 362 601 484
person 0.774143 565 45 619 123
cup 0.717887 40 259 76 314
bottle 0.632346 214 254 247 313
bottle 0.645587 190 272 214 312
cup 0.949746 360 279 403 364
mouse 0.861742 460 354 537 383
cup 0.800713 250 381 326 478
