person 0.894918 10 19 678 276
person 0.536761 442 134 498 195
person 0.676837 84 184 139 256
person 0.665361 61 223 112 314
person 0.987411 153 223 212 316
person 0.943714 204 223 270 314
person 0.889896 16 236 78 325
person 0.899907 105 229 162 318
person 0.940668 279 241 341 322
person 0.930081 332 241 389 326
person 0.918412 403 244 466 325
person 0.899995 455 241 521 335
person 0.753023 501 237 562 339
person 0.742019 589 237 637 330
tie 0.513903 468 79 472 87
tie 0.753884 196 161 202 176
tie 0.531522 565 196 569 204
tie 0.580620 31 205 35 215
tie 0.623899 68 204 73 215
tie 0.530742 231 251 236 263
