person 0.995909 41 127 279 569
cup 0.834604 237 436 375 630
person 0.687376 439 240 479 428
wineglass 0.971841 357 421 416 568
person 0.687577 375 476 475 565
bottle 0.786091 51 2 73 47
bottle 0.796483 82 2 105 56
bottle 0.923869 128 16 146 66
bottle 0.643783 148 4 171 65
bottle 0.908110 168 8 187 73
bottle 0.958724 231 21 252 93
bottle 0.840389 266 15 291 99
bottle 0.660492 205 44 225 85
bottle 0.722962 290 45 303 104
bottle 0.668243 312 67 327 111
bottle 0.572637 333 72 346 112
bottle 0.769674 359 83 369 122
wineglass 0.521826 335 264 347 294
wineglass 0.729661 348 264 359 296
wineglass 0.673303 360 264 372 295
