person 0.998969 27 44 309 424
person 0.999882 216 35 573 425
person 0.955784 474 113 527 176
person 0.889351 7 109 81 262
person 0.754278 243 135 283 210
person 0.681601 565 101 636 258
person 0.536989 1 137 31 264
person 0.735484 191 143 230 255
person 0.752102 288 135 335 266
tie 0.994704 398 194 438 368
person 0.648184 583 163 638 406
person 0.603444 272 143 294 188
person 0.516291 348 140 376 190
person 0.751272 547 142 578 189
wineglass 0.702664 19 247 36 273
wineglass 0.535635 224 246 238 271
