diningtable 0.873966 69 95 653 465
person 0.999346 476 121 640 429
person 0.948115 237 34 289 112
person 0.726145 364 24 411 129
person 0.967894 307 63 353 135
person 0.929744 221 79 266 164
person 0.899065 392 61 457 184
person 0.913251 234 126 289 199
person 0.921255 132 106 232 249
person 0.930145 179 129 240 237
person 0.933667 388 129 454 247
person 0.953048 453 105 543 263
person 0.966036 80 147 204 387
person 0.877523 449 171 533 351
person 0.992311 4 153 140 428
wineglass 0.853569 277 325 318 411
cup 0.961155 238 373 290 425
bowl 0.699395 313 355 416 418
cup 0.502841 334 240 360 281
cup 0.586163 357 232 382 285
wineglass 0.559248 395 258 420 307
cup 0.572382 240 305 276 366
cup 0.964953 405 305 440 357
