book 0.691992 410 1 574 414
bed 0.991471 4 252 401 481
pottedplant 0.954713 185 135 236 231
chair 0.990864 244 231 344 316
pottedplant 0.950427 335 212 427 349
book 0.561065 437 146 444 182
book 0.552382 451 149 459 182
bottle 0.695296 95 189 114 233
book 0.648739 436 193 445 225
book 0.567768 450 196 457 223
book 0.642241 500 196 507 225
book 0.692732 516 195 523 224
book 0.631773 531 195 538 224
book 0.551797 452 251 462 287
book 0.575594 504 247 534 286
book 0.520841 518 248 548 286
book 0.568957 468 293 475 339
