person 0.516734 56 28 118 122
person 0.509519 165 33 211 108
person 0.286114 306 30 356 107
person 0.486137 347 33 392 110
person 0.522245 394 36 438 113
person 0.358561 94 89 149 149
person 0.251310 184 88 227 156
person 0.448107 363 90 408 155
person 0.403524 284 79 324 221
person 0.509072 179 111 225 227
person 0.394709 139 121 190 238
person 0.450895 350 132 400 236
person 0.361928 391 132 439 232
person 0.533778 4 116 40 284
person 0.354434 70 119 114 280
person 0.341000 96 119 144 280
person 0.753404 437 138 491 284
person 0.356089 195 189 262 281
person 0.404762 323 187 394 283
person 0.732860 67 197 133 297
person 0.878977 139 192 208 296
person 0.342568 259 199 337 288
person 0.705466 373 199 452 287
person 0.387889 405 85 448 160
