boat 0.372166 15 40 93 77
boat 0.499193 118 35 199 73
boat 0.558835 317 43 458 83
bird 0.917247 105 193 202 242
boat 0.300686 208 42 242 60
bird 0.457141 224 113 258 144
bird 0.297591 256 111 298 144
bird 0.327992 279 133 316 151
bird 0.259026 363 125 399 159
bird 0.273744 521 117 547 164
bird 0.282780 330 144 366 159
bird 0.461629 424 135 472 162
bird 0.315666 240 153 269 171
bird 0.443017 362 137 397 188
bird 0.409248 455 163 513 186
bird 0.400853 493 157 532 189
bird 0.331591 557 188 580 204
bird 0.499863 229 189 263 226
bird 0.426733 276 231 309 274
bird 0.596593 287 237 328 273
