person 0.581304 216 65 267 105
person 0.273969 1 126 18 152
person 0.615352 36 139 51 160
person 0.455939 50 141 62 165
person 0.683320 67 136 79 169
person 0.524613 87 147 102 176
person 0.283959 94 150 110 178
person 0.598778 323 132 362 186
person 0.268735 102 163 120 185
person 0.261109 151 195 171 216
person 0.375339 171 205 188 228
person 0.606272 180 205 194 234
person 0.672606 199 219 213 245
person 0.264636 255 254 270 275
person 0.351224 289 269 303 295
person 0.356323 303 274 315 300
