person 0.852991 591 32 635 252
person 0.471313 290 68 409 318
person 0.790333 285 187 413 402
person 0.372164 19 0 58 9
person 0.389171 50 1 104 9
person 0.423369 87 0 134 9
person 0.391998 131 1 185 9
person 0.329819 254 0 299 11
person 0.439115 291 0 335 11
person 0.269268 326 0 369 11
person 0.454493 357 0 396 12
chair 0.292587 388 0 435 11
person 0.453421 430 0 462 13
person 0.332175 453 0 506 11
person 0.465070 492 0 537 12
person 0.308470 539 0 585 11
person 0.313794 596 0 629 16
sportsball 0.561773 244 201 286 243
tennisracket 0.578664 406 267 476 309
