person 0.847791 4 60 90 230
person 0.986839 100 118 202 263
person 0.894727 447 140 527 338
person 0.978381 215 158 299 344
person 0.977512 46 234 143 426
person 0.986364 369 227 491 413
person 0.989337 478 232 626 427
person 0.962923 140 263 275 428
person 0.996648 239 264 355 431
person 0.989186 338 299 443 427
person 0.695526 300 17 331 82
person 0.669942 563 25 595 92
person 0.522177 156 59 189 106
person 0.549409 400 56 424 111
person 0.968002 482 51 520 142
person 0.841925 450 57 486 150
person 0.947708 575 45 624 170
person 0.618995 85 93 124 144
person 0.650180 352 70 401 191
person 0.518868 376 64 418 197
person 0.995251 413 52 456 206
person 0.994593 269 35 327 240
person 0.997021 510 104 573 202
person 0.882441 212 83 272 242
person 0.972359 84 117 128 230
person 0.509420 188 92 223 252
person 0.942414 352 128 414 220
person 0.638028 326 174 396 240
person 0.986846 582 75 638 341
person 0.902761 0 152 58 285
person 0.946614 421 172 467 287
person 0.564813 543 181 607 327
dog 0.772007 311 211 382 338
person 0.959951 0 269 69 423
handbag 0.511303 559 348 635 426
