person 0.881974 131 98 232 284
person 0.947274 455 105 543 277
person 0.996738 452 175 533 351
person 0.996643 77 154 230 399
person 0.999586 474 131 643 425
person 0.994221 -4 162 150 434
diningtable 0.998189 154 153 493 459
bowl 0.506104 321 355 411 422
person 0.987822 234 32 280 96
person 0.670468 360 38 382 105
person 0.862564 370 26 411 116
person 0.999100 297 65 359 132
person 0.804888 266 89 295 118
person 0.962329 219 78 274 177
person 0.896569 361 75 404 178
person 0.943555 374 74 459 202
person 0.977631 226 126 283 203
chair 0.649545 452 129 471 195
person 0.989359 186 134 240 233
person 0.967051 386 129 450 259
cup 0.722022 279 208 304 241
bowl 0.552181 302 214 359 240
cup 0.590495 361 228 382 277
wineglass 0.692287 252 247 275 306
wineglass 0.889215 394 255 418 321
cup 0.998928 408 304 441 357
cup 0.982073 239 313 274 374
wineglass 0.994608 277 320 320 414
cup 0.921303 243 372 287 425
cup 0.702824 441 407 522 425
cup 0.664042 289 166 305 186
cup 0.758823 348 174 364 192
cup 0.608794 236 295 271 316
knife 0.689803 169 348 244 354
