person 0.997649 198 205 316 516
person 0.993088 12 308 184 552
person 0.998010 307 133 331 215
person 0.748039 35 171 73 225
person 0.954350 168 168 205 223
person 0.984991 286 167 315 223
person 0.969506 326 174 360 220
person 0.887371 66 173 98 239
person 0.665844 134 186 182 237
person 0.999713 410 124 463 294
person 0.759351 23 202 88 253
person 0.777190 96 193 143 251
baseballbat 0.556853 226 190 247 257
baseballglove 0.995123 131 350 185 400
person 0.954083 272 148 283 182
person 0.967025 286 141 300 182
person 0.725476 96 176 111 205
person 0.849013 275 194 289 206
baseballbat 0.586174 235 194 249 236
