person 0.984218 485 116 638 264
person 0.995642 130 156 241 279
person 0.997158 -6 46 257 427
diningtable 0.947519 166 238 624 420
person 0.995874 250 177 328 253
person 0.998585 376 169 459 261
bottle 0.850075 429 230 450 276
cup 0.992644 349 271 383 307
cup 0.871895 383 273 417 299
bowl 0.925200 426 275 471 304
bottle 0.616723 486 250 519 326
clock 0.957480 178 95 198 124
cup 0.529768 542 216 565 238
cup 0.659301 305 236 325 261
cup 0.631127 325 250 345 263
cup 0.635209 252 249 273 273
bowl 0.612185 413 255 430 274
bowl 0.572657 286 273 323 292
